-10.559062 -0.475587 1.762690
-10.559163 -0.723408 1.824133
-10.552583 0.077605 1.623232
-10.859809 0.389459 1.830664
-10.581078 -0.673229 1.807805
-11.317259 -0.169399 2.453624
-10.937946 0.302566 1.887963
-10.559824 -0.526754 1.771460
-10.581530 -0.273483 1.705276
-10.552433 -0.075823 1.655410
-11.078862 0.084820 2.078393
-10.936973 -0.394927 2.388525
-11.108418 -0.038031 2.204655
-10.581334 -0.231050 1.698313
-11.004172 0.155861 2.045369
-10.555858 -0.171604 1.686791
-11.347846 -0.162474 2.420924
-11.102244 -0.015376 2.170823
-11.089170 0.035629 2.119997
-11.200685 -0.156667 2.375311
-11.012390 0.135076 2.022232
-10.996091 0.184173 1.970110
-11.239307 -0.178893 2.411642
-10.993006 0.237675 1.929892
-10.935592 0.368488 1.843846
-10.984625 0.266368 1.911806
-10.948549 0.294699 1.882645
-10.542639 0.267249 1.590035
-10.449565 0.320457 1.649302
-10.520018 0.221743 1.783073
-11.225583 0.136188 2.076734
-11.006409 0.382875 1.878357
-10.449610 0.353761 1.638690
-10.859042 0.421317 1.814500
-11.378482 -0.148300 2.437694
-10.404994 0.104612 1.946423
-10.979834 -0.459378 2.428448
-11.209419 0.086739 2.123577
-10.858378 0.286405 1.892687
-10.386306 0.046885 1.970400
-10.948563 -0.427049 2.402915
-11.240205 -0.205527 2.431052
-11.159672 -0.113552 2.309207
-11.232605 -0.205678 2.437905
-11.009855 0.462773 1.843958
-10.706321 -0.661476 1.832193
-10.702126 0.026540 1.661202
-10.730281 -0.454931 1.782992
-10.703981 -0.079218 1.695547
-10.730720 -0.379489 1.763772
-11.241015 0.058554 2.143414
-10.722232 -0.020570 1.684555
-10.984597 -0.372003 2.366964
-10.730630 -0.639830 1.836098
-10.956539 -0.273625 2.309447
-11.310382 -0.109336 2.329846
-10.962468 -0.214396 2.272476
-10.962719 -0.175911 2.251108
-11.007517 0.360834 1.895385
-11.252043 -0.010813 2.214243
-11.279145 0.015935 2.196739
-10.723019 -0.033369 1.687933
-10.967057 -0.087108 2.202026
-11.258028 -0.032057 2.252802
-11.214324 0.024545 2.199724
-11.000321 0.067632 2.090963
-11.196375 0.134288 2.071816
-10.703404 0.139857 1.633111
-11.029616 0.214577 1.996733
-11.108368 0.238922 1.967280
-10.560987 0.271834 1.721423
-11.125651 0.311500 1.928341
-10.696375 0.274071 1.612654
-10.566790 0.302918 1.712960
-10.727959 0.312956 1.606227
-11.042472 0.445930 1.832875
-11.013904 0.481017 1.823045
-10.331347 0.008209 2.044548
-11.006517 -0.147518 2.237837
-10.348392 0.030429 2.010761
-10.434437 0.091223 1.917125
-10.541622 0.194580 1.783706
-10.622936 0.400539 1.640554
-10.979930 -0.404243 2.381804
-10.386915 0.050618 1.988952
