-10.704910 -0.425402 1.779242
-10.501141 0.669784 2.085533
-11.003116 0.353352 1.917733
-10.963358 -0.189138 2.265721
-10.728490 -0.530006 1.808372
-10.728775 -0.274950 1.739525
-11.184623 0.205213 2.012330
-10.952248 -0.606161 2.497375
-10.980408 -0.469639 2.436498
-10.726027 -0.357203 1.753372
-10.534221 0.191397 1.787924
-10.985398 -0.260011 2.295530
-10.704791 -0.319716 1.747992
-10.358842 0.062898 1.978843
-11.329066 -0.093616 2.326719
-10.701538 -0.176352 1.717658
-10.961456 -0.259711 2.296364
-11.362643 -0.205999 2.465302
-11.031500 0.118270 2.068012
-10.989855 -0.128803 2.220663
-11.312641 -0.130270 2.382671
-11.099423 0.318350 1.917896
-11.108924 0.349721 1.907824
-11.287511 -0.040082 2.267146
-11.251423 -0.017294 2.226059
-10.725949 0.067782 1.645061
-11.023474 0.000535 2.144983
-10.703271 0.018725 1.669419
-11.202437 0.057839 2.165440
-11.209078 0.077490 2.133829
-11.236280 0.108286 2.116191
-10.998620 0.120668 2.068788
-11.029448 0.140892 2.050334
-11.191245 0.171599 2.039063
-10.481174 0.130988 1.864721
-11.028768 0.202583 2.009314
-10.526315 0.189977 1.807892
-11.100037 0.256552 1.957520
-10.724729 0.019274 1.664842
-11.006827 0.323867 1.925077
-10.434437 0.091223 1.917125
-10.646092 0.625503 2.141465
-10.684822 0.632009 2.144991
-10.496649 0.629326 2.087900
-10.691179 0.674899 2.144829
-10.786816 0.676921 2.162486
-10.762259 0.688986 2.166003
-10.511692 0.700538 2.090537
-10.978415 -0.512928 2.448390
-10.962507 -0.203937 2.253712
-11.161769 0.145526 2.052627
-10.340490 0.021049 2.023670
-10.724719 0.041042 1.648058
-10.539064 0.220687 1.774280
-10.277079 -0.053576 2.110441
-10.469115 0.155819 1.853938
-11.319052 -0.142069 2.422953
-10.730488 -0.499890 1.806144
