-10.198000 -0.146565 -0.586150 75 145 128
-10.198000 -0.146565 -0.586150 63 38 36
-10.198000 -0.146565 -0.586150 51 37 25
-10.198000 -0.146565 -0.586150 39 26 22
-10.198000 -0.146565 -0.586150 40 30 19
-10.198000 -0.146565 -0.586150 34 27 19
-10.198000 -0.146565 -0.586150 92 162 146
-10.198000 -0.146565 -0.586150 61 40 34
-10.198000 -0.146565 -0.586150 58 44 32
3372.510054 -2202.436725 7839.173899 46 26 25
3257.439265 -2098.888208 7760.361148 94 65 52
3396.989571 -2128.877983 8255.345504 40 18 19
-10.198000 -0.146565 -0.586150 103 182 164
-144.523107 -141.283093 620.308874 99 177 154
3447.144084 -2019.158036 8918.256003 33 18 19
-144.185648 -137.040093 618.759836 93 171 148
-144.073164 -135.630027 618.243493 95 169 149
-10.198000 -0.146565 -0.586150 83 156 132
-10.198000 -0.146565 -0.586150 155 132 88
-10.198000 -0.146565 -0.586150 128 116 73
-143.738049 -132.706951 616.701626 96 170 154
-10.198000 -0.146565 -0.586150 115 92 55
-143.625565 -131.304347 616.185261 94 169 151
-10.198000 -0.146565 -0.586150 195 163 112
-10.198000 -0.146565 -0.586150 148 123 78
-10.198000 -0.146565 -0.586150 130 104 72
-10.198000 -0.146565 -0.586150 99 95 56
-10.198000 -0.146565 -0.586150 105 99 60
-10.198000 -0.146565 -0.586150 154 122 64
-10.198000 -0.146565 -0.586150 137 123 64
-143.341015 -125.871427 614.884249 89 157 144
-10.198000 -0.146565 -0.586150 153 121 55
-10.198000 -0.146565 -0.586150 129 119 62
-10.198000 -0.146565 -0.586150 98 94 56
-10.198000 -0.146565 -0.586150 102 97 58
-10.198000 -0.146565 -0.586150 144 117 52
-10.198000 -0.146565 -0.586150 127 116 69
-10.198000 -0.146565 -0.586150 98 91 55
-10.198000 -0.146565 -0.586150 138 122 64
-10.198000 -0.146565 -0.586150 115 104 62
-10.198000 -0.146565 -0.586150 101 92 57
-10.198000 -0.146565 -0.586150 96 90 52
-10.198000 -0.146565 -0.586150 130 116 58
-10.198000 -0.146565 -0.586150 119 110 63
-10.198000 -0.146565 -0.586150 100 89 55
-10.198000 -0.146565 -0.586150 98 88 52
-10.198000 -0.146565 -0.586150 90 88 50
-10.198000 -0.146565 -0.586150 95 166 135
-10.198000 -0.146565 -0.586150 86 167 134
-10.198000 -0.146565 -0.586150 133 107 62
-10.198000 -0.146565 -0.586150 127 112 70
-10.198000 -0.146565 -0.586150 122 111 70
-10.198000 -0.146565 -0.586150 103 86 57
-10.198000 -0.146565 -0.586150 96 86 51
-10.198000 -0.146565 -0.586150 97 87 50
-10.198000 -0.146565 -0.586150 100 87 53
-10.198000 -0.146565 -0.586150 97 88 49
-10.198000 -0.146565 -0.586150 82 150 126
-10.198000 -0.146565 -0.586150 65 168 131
-10.198000 -0.146565 -0.586150 136 105 66
-10.198000 -0.146565 -0.586150 130 115 74
-10.198000 -0.146565 -0.586150 121 110 69
-10.198000 -0.146565 -0.586150 97 87 50
-10.198000 -0.146565 -0.586150 97 85 51
-10.198000 -0.146565 -0.586150 96 85 53
-10.198000 -0.146565 -0.586150 93 85 49
-10.198000 -0.146565 -0.586150 95 91 48
-10.198000 -0.146565 -0.586150 92 82 46
-10.198000 -0.146565 -0.586150 88 154 130
-10.198000 -0.146565 -0.586150 64 169 136
-10.198000 -0.146565 -0.586150 140 105 68
-10.198000 -0.146565 -0.586150 129 111 72
-10.198000 -0.146565 -0.586150 100 90 57
-10.198000 -0.146565 -0.586150 99 84 55
-10.198000 -0.146565 -0.586150 92 89 52
-10.198000 -0.146565 -0.586150 90 89 49
-10.198000 -0.146565 -0.586150 93 89 42
-10.198000 -0.146565 -0.586150 89 82 45
-10.198000 -0.146565 -0.586150 62 169 141
-10.198000 -0.146565 -0.586150 140 107 68
-10.198000 -0.146565 -0.586150 97 88 50
-10.198000 -0.146565 -0.586150 96 83 53
-10.198000 -0.146565 -0.586150 86 87 44
-10.198000 -0.146565 -0.586150 94 86 42
-10.198000 -0.146565 -0.586150 84 78 39
-10.198000 -0.146565 -0.586150 74 142 115
-10.198000 -0.146565 -0.586150 65 170 144
-10.198000 -0.146565 -0.586150 130 107 63
-10.198000 -0.146565 -0.586150 132 115 74
-10.198000 -0.146565 -0.586150 102 88 58
-10.198000 -0.146565 -0.586150 97 86 53
-10.198000 -0.146565 -0.586150 85 87 46
-10.198000 -0.146565 -0.586150 92 86 45
-10.198000 -0.146565 -0.586150 89 83 45
-10.198000 -0.146565 -0.586150 82 144 119
-10.198000 -0.146565 -0.586150 70 172 145
-10.198000 -0.146565 -0.586150 127 104 65
-10.198000 -0.146565 -0.586150 130 116 64
-10.198000 -0.146565 -0.586150 91 85 50
-10.198000 -0.146565 -0.586150 86 85 49
-10.198000 -0.146565 -0.586150 93 85 48
-10.198000 -0.146565 -0.586150 95 85 50
-10.198000 -0.146565 -0.586150 82 144 123
-10.198000 -0.146565 -0.586150 83 146 116
-10.198000 -0.146565 -0.586150 69 166 141
-10.198000 -0.146565 -0.586150 117 98 57
-10.198000 -0.146565 -0.586150 125 118 70
-10.198000 -0.146565 -0.586150 89 85 51
-10.198000 -0.146565 -0.586150 73 166 146
-10.198000 -0.146565 -0.586150 117 97 58
-10.198000 -0.146565 -0.586150 112 107 62
-143.714477 -109.652883 610.727883 73 167 143
-10.198000 -0.146565 -0.586150 120 98 53
-10.198000 -0.146565 -0.586150 115 105 62
-10.198000 -0.146565 -0.586150 113 101 60
-10.198000 -0.146565 -0.586150 107 102 60
-10.198000 -0.146565 -0.586150 77 139 117
-143.712214 -108.370883 610.720978 67 165 140
-10.198000 -0.146565 -0.586150 127 102 55
-10.198000 -0.146565 -0.586150 119 106 63
-10.198000 -0.146565 -0.586150 115 100 59
-10.198000 -0.146565 -0.586150 106 98 54
-10.198000 -0.146565 -0.586150 104 100 58
-10.198000 -0.146565 -0.586150 101 95 58
-10.198000 -0.146565 -0.586150 87 89 50
-10.198000 -0.146565 -0.586150 87 90 50
-10.198000 -0.146565 -0.586150 89 82 46
-10.198000 -0.146565 -0.586150 85 82 46
-10.198000 -0.146565 -0.586150 83 82 45
-10.198000 -0.146565 -0.586150 91 81 50
-10.198000 -0.146565 -0.586150 70 148 116
-10.198000 -0.146565 -0.586150 94 166 138
-143.431916 -106.866181 609.441062 78 167 149
-10.198000 -0.146565 -0.586150 168 120 96
-10.198000 -0.146565 -0.586150 126 97 62
-10.198000 -0.146565 -0.586150 114 102 59
-10.198000 -0.146565 -0.586150 109 101 59
-10.198000 -0.146565 -0.586150 103 100 56
-10.198000 -0.146565 -0.586150 103 98 59
-10.198000 -0.146565 -0.586150 92 89 51
-10.198000 -0.146565 -0.586150 93 85 48
-10.198000 -0.146565 -0.586150 89 87 47
-10.198000 -0.146565 -0.586150 85 87 48
-10.198000 -0.146565 -0.586150 89 86 48
-10.198000 -0.146565 -0.586150 93 83 48
-10.198000 -0.146565 -0.586150 86 79 40
-10.198000 -0.146565 -0.586150 89 81 39
-10.198000 -0.146565 -0.586150 86 82 40
-10.198000 -0.146565 -0.586150 88 80 45
-10.198000 -0.146565 -0.586150 86 78 48
-10.198000 -0.146565 -0.586150 68 146 111
-143.429657 -105.586851 609.434170 76 167 149
-10.198000 -0.146565 -0.586150 124 96 67
-10.198000 -0.146565 -0.586150 113 104 58
-10.198000 -0.146565 -0.586150 108 102 56
-10.198000 -0.146565 -0.586150 104 95 57
-10.198000 -0.146565 -0.586150 95 92 54
-10.198000 -0.146565 -0.586150 91 89 49
-10.198000 -0.146565 -0.586150 89 87 49
-10.198000 -0.146565 -0.586150 92 85 45
-10.198000 -0.146565 -0.586150 90 83 44
-10.198000 -0.146565 -0.586150 85 79 42
-10.198000 -0.146565 -0.586150 85 83 45
-10.198000 -0.146565 -0.586150 90 82 47
-10.198000 -0.146565 -0.586150 83 79 46
-10.198000 -0.146565 -0.586150 87 78 48
-10.198000 -0.146565 -0.586150 88 77 44
-10.198000 -0.146565 -0.586150 87 76 43
-10.198000 -0.146565 -0.586150 85 78 38
-10.198000 -0.146565 -0.586150 86 80 34
-10.198000 -0.146565 -0.586150 89 78 40
-10.198000 -0.146565 -0.586150 82 148 110
-10.198000 -0.146565 -0.586150 93 170 136
-143.204982 -104.133632 608.408906 73 167 147
-10.198000 -0.146565 -0.586150 115 103 59
-10.198000 -0.146565 -0.586150 110 99 54
-10.198000 -0.146565 -0.586150 104 93 59
-10.198000 -0.146565 -0.586150 90 92 51
-10.198000 -0.146565 -0.586150 91 93 50
-10.198000 -0.146565 -0.586150 93 88 50
-10.198000 -0.146565 -0.586150 93 89 52
-10.198000 -0.146565 -0.586150 91 87 47
-10.198000 -0.146565 -0.586150 91 83 48
-10.198000 -0.146565 -0.586150 90 81 48
-10.198000 -0.146565 -0.586150 81 82 45
-10.198000 -0.146565 -0.586150 84 86 43
-10.198000 -0.146565 -0.586150 88 81 42
-10.198000 -0.146565 -0.586150 90 80 43
-10.198000 -0.146565 -0.586150 86 78 43
-10.198000 -0.146565 -0.586150 84 78 46
-10.198000 -0.146565 -0.586150 89 76 46
-10.198000 -0.146565 -0.586150 82 75 45
-10.198000 -0.146565 -0.586150 80 76 40
-10.198000 -0.146565 -0.586150 79 73 37
-10.198000 -0.146565 -0.586150 81 70 40
-10.198000 -0.146565 -0.586150 81 76 45
-10.198000 -0.146565 -0.586150 68 140 105
-10.198000 -0.146565 -0.586150 91 173 137
-143.202727 -102.856438 608.402026 70 166 143
-10.198000 -0.146565 -0.586150 114 100 60
-10.198000 -0.146565 -0.586150 100 94 57
-10.198000 -0.146565 -0.586150 100 93 56
-10.198000 -0.146565 -0.586150 93 84 53
-10.198000 -0.146565 -0.586150 91 83 52
-10.198000 -0.146565 -0.586150 91 82 49
-10.198000 -0.146565 -0.586150 89 78 48
-10.198000 -0.146565 -0.586150 84 80 47
-10.198000 -0.146565 -0.586150 87 82 47
-10.198000 -0.146565 -0.586150 89 83 45
-10.198000 -0.146565 -0.586150 89 81 44
-10.198000 -0.146565 -0.586150 87 80 49
-10.198000 -0.146565 -0.586150 70 154 124
-10.198000 -0.146565 -0.586150 90 170 134
-143.200472 -101.579245 608.395147 82 171 148
-10.198000 -0.146565 -0.586150 97 92 55
-10.198000 -0.146565 -0.586150 95 93 53
-10.198000 -0.146565 -0.586150 99 93 56
-10.198000 -0.146565 -0.586150 102 92 55
-10.198000 -0.146565 -0.586150 94 87 53
-10.198000 -0.146565 -0.586150 93 85 48
-10.198000 -0.146565 -0.586150 75 133 112
-10.198000 -0.146565 -0.586150 72 162 128
-10.198000 -0.146565 -0.586150 93 172 138
-143.198216 -100.302051 608.388267 56 157 132
-10.198000 -0.146565 -0.586150 95 92 54
-10.198000 -0.146565 -0.586150 99 91 56
-10.198000 -0.146565 -0.586150 99 91 56
-10.198000 -0.146565 -0.586150 85 164 132
-10.198000 -0.146565 -0.586150 90 170 140
-10.198000 -0.146565 -0.586150 95 87 49
-10.198000 -0.146565 -0.586150 73 134 105
-10.198000 -0.146565 -0.586150 93 169 139
-143.082514 -97.666063 607.865381 60 159 136
-10.198000 -0.146565 -0.586150 59 130 93
-10.198000 -0.146565 -0.586150 94 167 132
-10.198000 -0.146565 -0.586150 90 168 139
-142.969057 -96.309395 607.349324 64 157 137
-10.198000 -0.146565 -0.586150 65 69 36
-10.198000 -0.146565 -0.586150 64 69 36
-10.198000 -0.146565 -0.586150 68 134 102
-10.198000 -0.146565 -0.586150 86 168 139
-142.855617 -94.954872 606.833340 94 171 153
-10.198000 -0.146565 -0.586150 72 78 40
-10.198000 -0.146565 -0.586150 50 49 28
-10.198000 -0.146565 -0.586150 61 55 26
-10.198000 -0.146565 -0.586150 40 45 22
-10.198000 -0.146565 -0.586150 48 42 25
-144.351898 -93.835427 607.845601 89 170 137
-142.853368 -93.680882 606.826478 92 172 154
-10.198000 -0.146565 -0.586150 81 69 44
-10.198000 -0.146565 -0.586150 67 63 35
-10.198000 -0.146565 -0.586150 56 48 25
-10.198000 -0.146565 -0.586150 50 34 21
-10.198000 -0.146565 -0.586150 49 38 24
-10.198000 -0.146565 -0.586150 44 37 18
-10.198000 -0.146565 -0.586150 35 38 17
-10.198000 -0.146565 -0.586150 44 34 23
-10.198000 -0.146565 -0.586150 75 132 103
-145.625789 -92.557043 607.839570 94 168 135
-144.349645 -92.559301 607.838728 98 171 136
-142.851118 -92.406891 606.819615 96 173 157
-10.198000 -0.146565 -0.586150 105 93 58
-10.198000 -0.146565 -0.586150 60 49 29
-10.198000 -0.146565 -0.586150 42 30 16
-10.198000 -0.146565 -0.586150 36 30 18
-10.198000 -0.146565 -0.586150 36 28 17
-10.198000 -0.146565 -0.586150 32 30 18
-10.198000 -0.146565 -0.586150 69 130 92
-145.396885 -91.128393 606.814435 94 169 140
-10.198000 -0.146565 -0.586150 103 87 53
-10.198000 -0.146565 -0.586150 104 87 47
-10.198000 -0.146565 -0.586150 90 74 45
-10.198000 -0.146565 -0.586150 82 70 46
-10.198000 -0.146565 -0.586150 63 65 33
-10.198000 -0.146565 -0.586150 69 62 33
-10.198000 -0.146565 -0.586150 59 57 32
-10.198000 -0.146565 -0.586150 32 29 18
-10.198000 -0.146565 -0.586150 89 67 42
-10.198000 -0.146565 -0.586150 159 124 90
-10.198000 -0.146565 -0.586150 128 90 66
-10.198000 -0.146565 -0.586150 101 82 54
-10.198000 -0.146565 -0.586150 77 67 35
-10.198000 -0.146565 -0.586150 78 60 39
-10.198000 -0.146565 -0.586150 62 49 23
-10.198000 -0.146565 -0.586150 51 38 24
-10.198000 -0.146565 -0.586150 48 39 21
-10.198000 -0.146565 -0.586150 31 30 17
-10.198000 -0.146565 -0.586150 33 31 15
-10.198000 -0.146565 -0.586150 30 30 17
-10.198000 -0.146565 -0.586150 68 127 98
-10.198000 -0.146565 -0.586150 95 61 38
-10.198000 -0.146565 -0.586150 62 32 19
-10.198000 -0.146565 -0.586150 46 31 21
-10.198000 -0.146565 -0.586150 38 32 18
-10.198000 -0.146565 -0.586150 31 26 15
-10.198000 -0.146565 -0.586150 40 26 16
-10.198000 -0.146565 -0.586150 41 37 22
-10.198000 -0.146565 -0.586150 43 32 18
-10.198000 -0.146565 -0.586150 35 35 20
-10.198000 -0.146565 -0.586150 46 43 25
-10.198000 -0.146565 -0.586150 32 31 17
-10.198000 -0.146565 -0.586150 26 21 14
-10.198000 -0.146565 -0.586150 73 138 106
-145.333473 -87.269891 606.539276 95 169 142
-144.059999 -87.272144 606.538435 82 172 152
-10.198000 -0.146565 -0.586150 44 37 25
-10.198000 -0.146565 -0.586150 25 25 12
-10.198000 -0.146565 -0.586150 30 28 13
-10.198000 -0.146565 -0.586150 30 30 17
-10.198000 -0.146565 -0.586150 65 120 86
-145.331225 -85.996434 606.532417 94 170 141
-143.833237 -85.854694 605.513301 58 172 146
-10.198000 -0.146565 -0.586150 50 45 28
-10.198000 -0.146565 -0.586150 33 30 18
-10.198000 -0.146565 -0.586150 65 121 91
-145.215667 -84.652060 606.016486 93 171 137
-10.198000 -0.146565 -0.586150 109 88 56
-10.198000 -0.146565 -0.586150 70 129 98
-10.198000 -0.146565 -0.586150 80 141 119
-145.100086 -83.309804 605.500445 90 170 136
-10.198000 -0.146565 -0.586150 74 130 109
-144.984536 -81.969700 604.984537 96 172 140
-10.198000 -0.146565 -0.586150 63 120 96
-10.198000 -0.146565 -0.586150 78 147 121
-146.252564 -80.697200 604.978534 70 152 127
-144.755659 -80.564002 603.959465 90 169 135
-143.375289 -80.498528 603.449574 72 175 155
-10.198000 -0.146565 -0.586150 66 119 84
-146.021555 -79.293641 603.953471 87 153 128
-144.640118 -79.229238 603.443586 92 171 135
-10.198000 -0.146565 -0.586150 58 127 94
-145.904948 -77.959947 603.437598 85 150 118
-144.637881 -77.962189 603.436761 95 173 138
-10.198000 -0.146565 -0.586150 74 134 116
-144.578988 -76.662880 603.175387 94 172 140
-10.198000 -0.146565 -0.586150 53 42 25
-144.576752 -75.396365 603.168565 96 174 146
-143.197991 -75.335160 602.658698 38 164 140
-10.198000 -0.146565 -0.586150 58 126 110
-145.841049 -74.127609 603.162579 83 145 127
-144.347914 -74.005091 602.143631 98 177 149
-10.198000 -0.146565 -0.586150 49 123 107
-144.232376 -72.679396 601.627740 94 172 141
-10.198000 -0.146565 -0.586150 60 120 109
-144.003565 -71.295604 600.602908 96 171 131
-10.198000 -0.146565 -0.586150 55 118 100
-142.679563 -67.485779 600.327106 77 169 144
-10.198000 -0.146565 -0.586150 45 117 97
-145.198655 -66.220676 600.321980 78 147 116
-10.198000 -0.146565 -0.586150 70 128 115
-10.198000 -0.146565 -0.586150 61 135 117
-145.196429 -64.960035 600.315190 80 141 109
-10.198000 -0.146565 -0.586150 57 123 107
-10.198000 -0.146565 -0.586150 65 138 124
-145.194203 -63.699393 600.308399 75 142 112
-10.198000 -0.146565 -0.586150 65 129 110
-10.198000 -0.146565 -0.586150 58 121 99
-10.198000 -0.146565 -0.586150 48 29 24
-10.198000 -0.146565 -0.586150 68 142 116
-10.198000 -0.146565 -0.586150 60 126 95
-10.198000 -0.146565 -0.586150 73 146 122
-10.198000 -0.146565 -0.586150 46 38 25
-10.198000 -0.146565 -0.586150 51 51 22
-10.198000 -0.146565 -0.586150 71 37 36
-10.198000 -0.146565 -0.586150 58 124 103
-10.198000 -0.146565 -0.586150 82 149 126
-10.198000 -0.146565 -0.586150 2 1 1
-10.198000 -0.146565 -0.586150 61 39 34
-10.198000 -0.146565 -0.586150 79 42 43
-10.198000 -0.146565 -0.586150 60 120 98
-10.198000 -0.146565 -0.586150 76 140 118
-10.198000 -0.146565 -0.586150 80 140 109
-10.198000 -0.146565 -0.586150 24 14 11
-10.198000 -0.146565 -0.586150 74 41 52
-10.198000 -0.146565 -0.586150 72 140 117
-10.198000 -0.146565 -0.586150 72 145 121
-10.198000 -0.146565 -0.586150 61 132 115
-10.198000 -0.146565 -0.586150 1 2 1
-10.198000 -0.146565 -0.586150 29 15 16
-10.198000 -0.146565 -0.586150 17 6 7
-10.198000 -0.146565 -0.586150 26 14 19
-10.198000 -0.146565 -0.586150 54 127 103
-10.198000 -0.146565 -0.586150 56 141 118
-10.198000 -0.146565 -0.586150 1 4 3
-10.198000 -0.146565 -0.586150 36 24 17
-10.198000 -0.146565 -0.586150 36 24 17
-10.198000 -0.146565 -0.586150 32 25 15
-10.198000 -0.146565 -0.586150 35 28 18
-10.198000 -0.146565 -0.586150 26 20 11
-10.198000 -0.146565 -0.586150 35 25 16
-10.198000 -0.146565 -0.586150 30 18 10
-10.198000 -0.146565 -0.586150 46 31 24
-10.198000 -0.146565 -0.586150 2 1 1
-10.198000 -0.146565 -0.586150 2 1 1
-10.198000 -0.146565 -0.586150 45 115 91
-10.198000 -0.146565 -0.586150 58 134 109
-142.950723 -51.979929 595.920295 76 161 126
-10.198000 -0.146565 -0.586150 37 21 23
-10.198000 -0.146565 -0.586150 11 15 6
-10.198000 -0.146565 -0.586150 19 22 11
-10.198000 -0.146565 -0.586150 17 18 8
-10.198000 -0.146565 -0.586150 18 16 10
-10.198000 -0.146565 -0.586150 53 123 99
-142.778603 -50.663623 595.150079 63 154 129
-10.198000 -0.146565 -0.586150 2 1 1
-10.198000 -0.146565 -0.586150 35 28 20
-10.198000 -0.146565 -0.586150 67 126 113
-10.198000 -0.146565 -0.586150 75 135 120
-142.549866 -49.329480 594.125453 78 152 135
-10.198000 -0.146565 -0.586150 1 1 0
-10.198000 -0.146565 -0.586150 75 132 115
-142.434406 -48.040634 593.609822 76 149 132
-10.198000 -0.146565 -0.586150 66 128 111
-142.318937 -46.753918 593.094141 68 149 117
-10.198000 -0.146565 -0.586150 20 17 11
-10.198000 -0.146565 -0.586150 64 125 104
-10.198000 -0.146565 -0.586150 68 127 103
-142.316737 -45.508226 593.087431 62 138 111
-10.198000 -0.146565 -0.586150 55 30 34
-10.198000 -0.146565 -0.586150 81 142 130
-10.198000 -0.146565 -0.586150 60 124 99
-10.198000 -0.146565 -0.586150 61 124 101
-142.257906 -44.243625 592.826244 59 136 117
-10.198000 -0.146565 -0.586150 74 137 121
-10.198000 -0.146565 -0.586150 57 119 93
-10.198000 -0.146565 -0.586150 59 122 100
-143.500882 -42.996265 592.820359 81 141 116
-142.142459 -42.961719 592.310650 56 136 117
-10.198000 -0.146565 -0.586150 59 109 87
-10.198000 -0.146565 -0.586150 68 139 113
-10.198000 -0.146565 -0.586150 63 119 98
-10.198000 -0.146565 -0.586150 61 118 94
-142.140262 -41.717630 592.303948 54 134 116
-10.198000 -0.146565 -0.586150 59 127 101
-10.198000 -0.146565 -0.586150 62 121 97
-142.024807 -40.438923 591.788310 59 132 113
-10.198000 -0.146565 -0.586150 60 127 101
-10.198000 -0.146565 -0.586150 57 120 95
-143.265651 -39.193702 591.782436 83 145 128
-142.022612 -39.195902 591.781615 55 126 109
-10.198000 -0.146565 -0.586150 54 119 97
-10.198000 -0.146565 -0.586150 58 120 98
-143.263456 -37.950681 591.775740 69 136 115
-10.198000 -0.146565 -0.586150 65 55 34
-10.198000 -0.146565 -0.586150 53 121 100
-10.198000 -0.146565 -0.586150 65 119 101
-143.261261 -36.707659 591.769044 81 142 123
-10.198000 -0.146565 -0.586150 62 108 92
-10.198000 -0.146565 -0.586150 63 139 112
-10.198000 -0.146565 -0.586150 56 121 94
-143.144747 -35.434295 591.253434 71 129 103
-141.902777 -35.436492 591.252614 54 127 110
-10.198000 -0.146565 -0.586150 48 121 97
-10.198000 -0.146565 -0.586150 53 116 91
-141.787348 -34.165265 590.737078 53 131 107
-10.198000 -0.146565 -0.586150 71 130 114
-10.198000 -0.146565 -0.586150 48 123 92
-10.198000 -0.146565 -0.586150 58 121 93
-141.785157 -32.924379 590.730393 52 131 109
-10.198000 -0.146565 -0.586150 62 132 115
-10.198000 -0.146565 -0.586150 48 121 90
-10.198000 -0.146565 -0.586150 62 123 94
-143.023869 -31.681298 590.724529 71 139 121
-10.198000 -0.146565 -0.586150 53 133 115
-10.198000 -0.146565 -0.586150 45 123 91
-10.198000 -0.146565 -0.586150 72 130 101
-143.021678 -30.440412 590.717845 70 137 124
-10.198000 -0.146565 -0.586150 46 120 100
-10.198000 -0.146565 -0.586150 43 123 93
-142.962332 -29.187024 590.456718 64 129 115
-10.198000 -0.146565 -0.586150 55 124 99
-10.198000 -0.146565 -0.586150 51 125 94
-142.731527 -27.898801 589.432277 70 137 116
-141.606547 -27.924932 589.940399 45 127 103
-10.198000 -0.146565 -0.586150 40 113 84
-10.198000 -0.146565 -0.586150 65 125 102
-142.615049 -26.637720 588.916794 68 128 114
-141.491107 -26.662776 589.424790 50 128 105
-10.198000 -0.146565 -0.586150 61 127 114
-10.198000 -0.146565 -0.586150 49 116 86
-10.198000 -0.146565 -0.586150 62 123 106
-141.375699 -25.402761 588.909313 45 130 106
-10.198000 -0.146565 -0.586150 80 144 122
-10.198000 -0.146565 -0.586150 60 111 89
-10.198000 -0.146565 -0.586150 48 121 95
-10.198000 -0.146565 -0.586150 51 118 88
-142.553529 -24.153058 588.649035 58 124 108
-141.316897 -24.155246 588.648218 46 130 105
-10.198000 -0.146565 -0.586150 43 31 22
-10.198000 -0.146565 -0.586150 48 121 97
-10.198000 -0.146565 -0.586150 46 117 86
-142.437059 -22.896782 588.133578 56 120 104
-141.314714 -22.918632 588.641557 47 130 111
-10.198000 -0.146565 -0.586150 53 124 94
-10.198000 -0.146565 -0.586150 51 117 91
-142.434877 -21.661236 588.126923 58 129 109
-141.199314 -21.663422 588.126107 43 130 104
-10.198000 -0.146565 -0.586150 35 63 57
-10.198000 -0.146565 -0.586150 72 139 124
-10.198000 -0.146565 -0.586150 51 124 90
-10.198000 -0.146565 -0.586150 58 120 88
-142.318399 -20.408161 587.611422 49 128 104
-141.197132 -20.427875 588.119452 44 130 101
-10.198000 -0.146565 -0.586150 44 91 82
-10.198000 -0.146565 -0.586150 47 132 113
-10.198000 -0.146565 -0.586150 43 123 84
-142.316220 -19.173683 587.604773 47 127 102
-141.081724 -19.175867 587.603957 45 127 105
-10.198000 -0.146565 -0.586150 69 129 110
-10.198000 -0.146565 -0.586150 42 128 90
-10.198000 -0.146565 -0.586150 44 124 80
-142.314040 -17.939204 587.598123 50 125 100
-10.198000 -0.146565 -0.586150 46 128 91
-10.198000 -0.146565 -0.586150 41 122 81
-142.197570 -16.690402 587.082645 54 124 101
-10.198000 -0.146565 -0.586150 80 141 125
-10.198000 -0.146565 -0.586150 40 118 84
-10.198000 -0.146565 -0.586150 50 129 95
-142.195392 -15.456991 587.076002 52 128 103
-140.961964 -15.459174 587.075187 39 121 104
-10.198000 -0.146565 -0.586150 77 136 107
-10.198000 -0.146565 -0.586150 81 142 111
-10.198000 -0.146565 -0.586150 66 137 119
-10.198000 -0.146565 -0.586150 39 118 83
-10.198000 -0.146565 -0.586150 57 129 93
-142.136084 -14.217488 586.815011 50 122 102
-140.959786 -14.225763 587.068543 41 127 111
-10.198000 -0.146565 -0.586150 77 138 105
-10.198000 -0.146565 -0.586150 80 143 103
-10.198000 -0.146565 -0.586150 40 125 98
-10.198000 -0.146565 -0.586150 47 130 92
-10.198000 -0.146565 -0.586150 61 123 91
-142.133907 -12.984612 586.808370 46 119 95
-140.901013 -12.986793 586.807555 37 128 109
-10.198000 -0.146565 -0.586150 78 136 109
-10.198000 -0.146565 -0.586150 80 141 107
-10.198000 -0.146565 -0.586150 45 125 99
-10.198000 -0.146565 -0.586150 46 121 93
-142.017447 -11.741682 586.292924 48 126 103
-140.898837 -11.753916 586.800914 37 133 105
-10.198000 -0.146565 -0.586150 68 132 107
-10.198000 -0.146565 -0.586150 79 140 106
-10.198000 -0.146565 -0.586150 68 121 109
-142.015272 -10.509874 586.286288 55 128 106
-140.896660 -10.521040 586.794274 60 146 117
-10.198000 -0.146565 -0.586150 63 118 94
-10.198000 -0.146565 -0.586150 71 136 104
-10.198000 -0.146565 -0.586150 76 140 110
-10.198000 -0.146565 -0.586150 46 127 110
-10.198000 -0.146565 -0.586150 64 125 105
-141.898818 -9.270148 585.770860 57 127 110
-10.198000 -0.146565 -0.586150 75 140 107
-305.146681 -10.324060 771.543359 38 74 66
-302.482264 -10.349925 773.067614 55 99 84
-10.198000 -0.146565 -0.586150 30 119 92
-10.198000 -0.146565 -0.586150 76 133 109
-143.127403 -8.037230 585.765043 72 130 117
-141.896645 -8.039408 585.764230 67 138 123
-10.198000 -0.146565 -0.586150 67 124 102
-10.198000 -0.146565 -0.586150 47 117 89
-10.198000 -0.146565 -0.586150 61 129 105
-141.780210 -6.802887 585.248880 67 140 106
-10.198000 -0.146565 -0.586150 20 15 11
-303.100164 -7.035025 766.183439 41 76 68
-10.198000 -0.146565 -0.586150 69 124 104
-10.198000 -0.146565 -0.586150 58 134 111
-141.492354 -5.561432 583.970315 76 141 99
-140.491746 -5.573032 584.987056 51 147 129
-302.222712 -5.409954 763.885187 40 76 67
-301.198066 -5.423308 765.410534 50 95 82
-10.198000 -0.146565 -0.586150 58 124 108
-10.198000 -0.146565 -0.586150 55 131 113
-141.318807 -4.328962 583.200672 27 117 83
-299.842184 -3.798543 761.840278 49 94 81
-299.010831 -3.811130 763.874425 60 105 94
-10.198000 -0.146565 -0.586150 63 113 101
-10.198000 -0.146565 -0.586150 58 136 116
-141.088104 -3.098407 582.176542 27 125 96
-298.969570 -2.192151 759.542130 46 91 80
-297.662467 -2.197031 760.304292 62 108 96
-10.198000 -0.146565 -0.586150 50 112 98
-10.198000 -0.146565 -0.586150 58 139 112
-141.028810 -1.874386 581.915573 26 126 99
737.587489 -6.168450 1395.699550 31 28 17
-297.371307 -0.599550 759.532482 63 111 101
-296.349290 -0.603288 761.057719 66 115 94
-10.198000 -0.146565 -0.586150 57 119 97
-10.198000 -0.146565 -0.586150 51 129 114
-141.026651 -0.651655 581.908987 33 121 101
-296.791838 0.993581 757.997553 63 112 103
-10.198000 -0.146565 -0.586150 58 127 111
-10.198000 -0.146565 -0.586150 58 136 111
-140.908084 1.792114 581.387134 21 118 97
-294.512863 4.122792 747.806176 44 85 73
-10.198000 -0.146565 -0.586150 68 126 100
-10.198000 -0.146565 -0.586150 60 133 108
-140.905927 3.013777 581.380553 21 127 96
-10.198000 -0.146565 -0.586150 51 117 90
-140.903770 4.235441 581.373973 29 128 98
-10.198000 -0.146565 -0.586150 55 116 103
-140.901613 5.457105 581.367392 28 124 106
-10.198000 -0.146565 -0.586150 46 122 105
-142.121137 6.680930 581.361618 71 129 101
-140.899456 6.678769 581.360812 16 132 110
-139.677775 6.676607 581.360005 63 142 127
-10.198000 -0.146565 -0.586150 62 112 96
-10.198000 -0.146565 -0.586150 47 110 90
-10.198000 -0.146565 -0.586150 55 135 112
-142.003673 7.895558 580.846385 64 120 94
-140.783060 7.893399 580.845579 23 131 110
-139.675618 7.898271 581.353424 76 151 135
754.105024 17.675092 1426.333351 40 30 21
-10.198000 -0.146565 -0.586150 47 110 87
-142.001518 9.116154 580.839810 67 118 91
-140.780905 9.113995 580.839004 62 129 112
-10.198000 -0.146565 -0.586150 43 118 96
-10.198000 -0.146565 -0.586150 56 119 97
-141.999362 10.336750 580.833235 74 129 107
-140.778749 10.334591 580.832429 54 122 100
-10.198000 -0.146565 -0.586150 45 121 98
-141.881878 11.547105 580.317903 75 138 117
-140.662333 11.544947 580.317098 59 126 109
-10.198000 -0.146565 -0.586150 59 126 107
-141.879725 12.766633 580.311334 69 144 122
-140.660180 12.764475 580.310529 68 130 102
759.845419 29.886259 1436.945539 43 32 24
-285.974063 18.002069 737.552712 64 114 91
-10.198000 -0.146565 -0.586150 54 120 104
-10.198000 -0.146565 -0.586150 65 126 106
-140.600919 13.977817 580.049679 51 125 105
764.072030 33.086899 1444.809496 50 34 28
-10.198000 -0.146565 -0.586150 28 24 16
-285.211107 19.497273 735.509573 62 114 92
-284.705275 19.569193 738.306373 63 113 90
-10.198000 -0.146565 -0.586150 35 111 97
-140.370283 15.169927 579.025755 25 124 105
-284.163047 20.961966 732.703336 62 113 89
-10.198000 -0.146565 -0.586150 45 127 105
-10.198000 -0.146565 -0.586150 49 130 101
771.441533 42.597033 1458.486941 68 46 39
-10.198000 -0.146565 -0.586150 52 111 81
-10.198000 -0.146565 -0.586150 61 123 99
-10.198000 -0.146565 -0.586150 35 116 88
-10.198000 -0.146565 -0.586150 50 115 101
-141.405624 20.012942 578.237417 70 123 98
-140.190351 20.010791 578.236615 24 122 98
-279.778118 26.832989 725.039093 60 108 81
-10.198000 -0.146565 -0.586150 46 121 96
-141.288192 21.209417 577.722282 63 123 92
-281.102117 28.181858 720.454829 66 115 88
-280.063479 28.229137 721.725504 61 111 85
-10.198000 -0.146565 -0.586150 42 121 98
-10.198000 -0.146565 -0.586150 27 23 14
-280.334983 29.611377 718.411981 63 120 93
-279.300635 29.661335 719.682705 62 112 84
-10.198000 -0.146565 -0.586150 42 76 59
-10.198000 -0.146565 -0.586150 53 119 101
-277.596808 31.148669 719.164818 54 98 82
-10.198000 -0.146565 -0.586150 52 112 94
-141.281761 24.851982 577.702661 64 115 97
-276.082380 32.474255 715.087514 56 99 84
-10.198000 -0.146565 -0.586150 51 113 88
-141.279617 26.066171 577.696121 57 112 100
-140.065411 26.064023 577.695319 51 123 108
-275.134875 33.855511 712.536191 56 98 79
-10.198000 -0.146565 -0.586150 74 131 119
-141.277473 27.280359 577.689580 35 110 95
-274.376343 35.251406 710.493529 56 99 82
-10.198000 -0.146565 -0.586150 46 115 99
-10.198000 -0.146565 -0.586150 55 126 110
-141.275329 28.494548 577.683040 42 107 87
-274.090266 36.704732 709.722561 54 99 80
-272.598940 36.702094 709.721576 52 94 77
-271.574691 36.765416 710.992173 51 92 77
-10.198000 -0.146565 -0.586150 43 120 94
-10.198000 -0.146565 -0.586150 51 119 99
-141.273185 29.708737 577.676500 37 110 79
-273.898682 38.168583 709.205936 54 94 78
-272.408423 38.165947 709.204951 49 87 74
-271.104980 38.190761 709.712558 47 88 74
-10.198000 -0.146565 -0.586150 46 115 96
-10.198000 -0.146565 -0.586150 32 111 96
-141.271041 30.922925 577.669959 48 117 85
-10.198000 -0.146565 -0.586150 71 56 106
-273.612592 39.616033 708.434937 52 96 79
-272.405792 39.656184 709.196924 47 93 77
-10.198000 -0.146565 -0.586150 35 123 103
-141.268897 32.137114 577.663419 48 113 86
-273.609964 41.104668 708.426919 56 99 80
-272.121308 41.102035 708.425936 47 94 71
-270.632651 41.099401 708.424953 36 88 72
-10.198000 -0.146565 -0.586150 52 119 99
-141.151458 33.321836 577.148225 32 109 84
-218.816252 91.023719 1577.659398 84 147 126
-272.945970 42.485993 706.638736 48 99 76
-271.648951 42.514026 707.146390 47 96 60
-270.162964 42.511396 707.145409 41 92 61
-10.198000 -0.146565 -0.586150 52 107 77
-10.198000 -0.146565 -0.586150 63 120 96
-141.149316 34.534956 577.141690 37 112 84
-272.470977 43.891576 705.359284 49 105 72
-270.988728 43.888953 705.358305 48 96 54
-269.693287 43.918053 705.865894 42 87 64
-268.488591 43.963010 706.627796 39 70 60
-10.198000 -0.146565 -0.586150 30 103 78
-10.198000 -0.146565 -0.586150 56 114 102
-141.089549 35.732281 576.880926 39 109 77
-139.762736 35.698539 576.371545 29 118 101
-271.901489 45.275417 703.825488 53 101 77
-270.704266 45.321989 704.587386 50 89 57
-269.223619 45.319369 704.586408 45 87 54
-10.198000 -0.146565 -0.586150 71 124 98
-10.198000 -0.146565 -0.586150 30 114 90
-140.856871 36.879538 575.857304 43 107 83
-270.765148 46.551259 700.765932 58 107 94
-269.480382 46.582512 701.273517 51 89 75
-268.753938 46.715342 703.306890 46 89 67
-10.198000 -0.146565 -0.586150 47 112 80
-10.198000 -0.146565 -0.586150 42 124 89
-140.797097 38.073122 575.596499 41 114 90
-270.006750 47.884152 698.723671 65 119 107
-268.820200 47.933947 699.485558 27 79 58
-267.817272 48.018665 700.756055 35 86 69
-267.273351 48.190684 703.297953 27 58 47
-10.198000 -0.146565 -0.586150 36 106 83
-10.198000 -0.146565 -0.586150 39 124 101
-140.679688 39.248236 575.081418 30 112 80
774.648995 97.378048 1452.594602 37 24 21
-269.626240 49.280496 697.698547 50 102 76
-268.347900 49.313901 698.206185 33 82 63
-267.067425 49.347302 698.713822 29 89 74
-266.342034 49.488677 700.747150 33 68 59
-10.198000 -0.146565 -0.586150 36 112 91
-10.198000 -0.146565 -0.586150 32 104 89
-140.562298 40.421219 574.566409 30 110 83
-269.151282 50.654038 696.419207 45 95 71
-268.157421 50.744112 697.689681 39 92 72
-266.878011 50.778583 698.197313 31 88 69
-265.596466 50.813050 698.704943 33 69 55
-10.198000 -0.146565 -0.586150 68 122 105
-10.198000 -0.146565 -0.586150 38 118 94
-140.502531 41.610530 574.305627 29 107 91
-268.392900 51.965036 694.377003 42 85 66
-267.403329 52.057791 695.647526 33 98 82
-266.688601 52.207728 697.680815 42 92 70
-265.408122 52.243265 698.188440 38 78 59
-10.198000 -0.146565 -0.586150 42 109 90
-10.198000 -0.146565 -0.586150 39 119 94
-140.212248 42.722766 573.027818 16 101 83
-266.931034 53.421722 694.368179 29 98 79
-265.938788 53.517143 695.638686 41 90 72
-10.198000 -0.146565 -0.586150 39 83 72
-10.198000 -0.146565 -0.586150 42 75 64
-10.198000 -0.146565 -0.586150 27 110 82
-10.198000 -0.146565 -0.586150 33 114 86
-139.806709 43.790588 571.241496 26 111 85
-267.915414 54.782901 693.089944 63 117 87
-266.740597 54.840725 693.851796 37 101 72
-265.749392 54.938813 695.122229 36 90 72
-10.198000 -0.146565 -0.586150 44 117 85
-10.198000 -0.146565 -0.586150 29 110 90
-139.689340 44.951290 570.726553 22 116 84
-266.456223 56.236923 693.081136 48 96 72
-265.466592 56.337678 694.351494 38 89 70
-10.198000 -0.146565 -0.586150 26 86 65
-10.198000 -0.146565 -0.586150 24 70 57
-10.198000 -0.146565 -0.586150 31 123 91
-139.629592 46.130457 570.465826 22 117 83
-265.608216 57.502696 690.784778 50 97 73
-264.997031 57.690945 693.072328 37 88 71
-10.198000 -0.146565 -0.586150 32 84 66
-10.198000 -0.146565 -0.586150 20 72 59
-10.198000 -0.146565 -0.586150 37 126 94
-139.627474 47.329695 570.459366 37 117 89
-138.428219 47.327573 570.458574 16 123 103
-265.136003 58.845814 689.505664 48 95 75
-264.527458 59.038867 691.793130 36 91 68
-10.198000 -0.146565 -0.586150 33 84 65
-10.198000 -0.146565 -0.586150 58 113 88
-10.198000 -0.146565 -0.586150 36 122 99
-139.510100 48.485587 569.944388 26 112 93
-264.851631 60.228124 688.735018 55 98 83
-263.684300 60.292374 689.496902 35 94 70
-10.198000 -0.146565 -0.586150 37 87 71
-10.198000 -0.146565 -0.586150 47 119 91
-10.198000 -0.146565 -0.586150 39 114 90
-140.531701 49.619258 569.176017 50 103 78
-139.392743 49.639348 569.429483 32 117 98
-263.401533 61.673085 688.726265 33 98 81
-10.198000 -0.146565 -0.586150 22 80 56
-10.198000 -0.146565 -0.586150 39 85 74
-10.198000 -0.146565 -0.586150 37 116 94
-140.413281 50.770348 568.661125 79 141 118
-139.217764 50.768233 568.660336 53 122 103
-138.193510 50.834332 569.422244 52 123 109
-10.198000 -0.146565 -0.586150 30 94 76
-10.198000 -0.146565 -0.586150 45 118 104
-140.294837 51.919291 568.146123 56 115 86
-139.100388 51.917178 568.145334 64 128 101
-10.198000 -0.146565 -0.586150 24 83 57
-10.198000 -0.146565 -0.586150 39 88 69
-10.198000 -0.146565 -0.586150 29 82 69
-10.198000 -0.146565 -0.586150 47 82 74
-10.198000 -0.146565 -0.586150 51 105 94
-10.198000 -0.146565 -0.586150 53 118 97
-10.198000 -0.146565 -0.586150 42 100 86
-140.234583 53.089919 567.885502 42 121 100
-139.040668 53.087807 567.884714 29 116 88
-10.198000 -0.146565 -0.586150 17 75 63
-10.198000 -0.146565 -0.586150 23 87 72
-10.198000 -0.146565 -0.586150 22 75 61
-140.116160 54.235130 567.370581 71 131 113
-138.923313 54.233020 567.369793 10 100 72
-775.313901 137.264827 1395.940562 2 1 1
-10.198000 -0.146565 -0.586150 41 85 74
-140.114054 55.427961 567.364156 74 138 108
-138.921206 55.425850 567.363368 15 120 88
-10.198000 -0.146565 -0.586150 35 87 75
-10.198000 -0.146565 -0.586150 52 94 80
-10.198000 -0.146565 -0.586150 41 115 94
-138.861492 56.593276 567.102765 17 124 87
-137.726253 56.616571 567.356155 25 115 95
-258.736922 69.858994 683.846833 21 73 51
-10.198000 -0.146565 -0.586150 36 90 67
-10.198000 -0.146565 -0.586150 42 76 61
-10.198000 -0.146565 -0.586150 27 89 72
-10.198000 -0.146565 -0.586150 36 109 95
-138.859387 57.785573 567.096343 28 123 94
-137.724147 57.809401 567.349730 21 115 96
-10.198000 -0.146565 -0.586150 79 142 110
-256.980255 70.792139 679.008530 20 77 58
-10.198000 -0.146565 -0.586150 33 91 65
-10.198000 -0.146565 -0.586150 26 72 56
-10.198000 -0.146565 -0.586150 22 99 73
-138.742042 58.924912 566.581454 76 138 118
-137.664968 58.975761 567.089133 27 111 93
-10.198000 -0.146565 -0.586150 24 86 68
-10.198000 -0.146565 -0.586150 61 108 73
-10.198000 -0.146565 -0.586150 27 106 77
-139.931184 60.118249 566.575824 58 122 94
-138.739939 60.116141 566.575037 84 147 126
-137.662863 60.168058 567.082711 25 110 91
-255.682710 73.260109 675.433832 24 79 67
-10.198000 -0.146565 -0.586150 26 86 68
-10.198000 -0.146565 -0.586150 50 109 80
-10.198000 -0.146565 -0.586150 35 109 74
-139.929081 61.309478 566.569407 54 114 96
-138.737835 61.307370 566.568621 17 119 92
-137.546590 61.305263 566.567834 24 115 97
772.016556 154.239007 1441.608597 37 26 19
773.525367 153.934438 1438.811457 28 24 16
-255.310901 74.567297 674.409195 35 94 73
-10.198000 -0.146565 -0.586150 27 90 61
-10.198000 -0.146565 -0.586150 23 85 68
-10.198000 -0.146565 -0.586150 25 87 71
-10.198000 -0.146565 -0.586150 45 108 86
-10.198000 -0.146565 -0.586150 26 78 61
-139.810675 62.444544 566.054541 55 107 89
-138.620498 62.442438 566.053755 20 121 98
-254.662148 75.784193 672.621908 46 106 82
-10.198000 -0.146565 -0.586150 16 92 58
-10.198000 -0.146565 -0.586150 26 92 71
-10.198000 -0.146565 -0.586150 31 78 65
-10.198000 -0.146565 -0.586150 52 92 64
-10.198000 -0.146565 -0.586150 25 101 82
-10.198000 -0.146565 -0.586150 47 106 85
-10.198000 -0.146565 -0.586150 42 81 65
-139.750424 63.606089 565.793908 50 104 81
-138.560780 63.603984 565.793122 21 123 97
-137.542383 63.687721 566.555001 41 119 103
773.405319 160.583001 1444.116630 37 25 20
-253.245748 77.195575 672.613358 23 98 62
-252.653103 77.455933 674.900472 19 89 66
-10.198000 -0.146565 -0.586150 19 82 65
-10.198000 -0.146565 -0.586150 37 100 69
-10.198000 -0.146565 -0.586150 18 99 75
-10.198000 -0.146565 -0.586150 40 105 87
-139.632039 64.737424 565.279123 35 116 89
-138.443463 64.735321 565.278338 25 118 100
-252.141831 78.252555 669.555003 18 95 63
-252.011858 78.666441 673.113285 24 92 65
-10.198000 -0.146565 -0.586150 26 87 65
-10.198000 -0.146565 -0.586150 34 103 72
-10.198000 -0.146565 -0.586150 24 101 70
-10.198000 -0.146565 -0.586150 35 91 75
-139.629940 65.925983 565.272721 36 110 90
-138.441365 65.923880 565.271936 35 122 101
-137.366936 65.981133 565.779521 42 127 109
-10.198000 -0.146565 -0.586150 24 85 56
-10.198000 -0.146565 -0.586150 29 98 67
-10.198000 -0.146565 -0.586150 27 88 68
-10.198000 -0.146565 -0.586150 50 110 77
-10.198000 -0.146565 -0.586150 33 99 69
-10.198000 -0.146565 -0.586150 30 102 69
-10.198000 -0.146565 -0.586150 20 73 61
-139.627842 67.114542 565.266318 39 113 93
-138.439266 67.112439 565.265533 21 119 88
-137.250690 67.110336 565.264749 36 123 99
-10.198000 -0.146565 -0.586150 39 94 66
-10.198000 -0.146565 -0.586150 27 97 72
-10.198000 -0.146565 -0.586150 26 94 74
-10.198000 -0.146565 -0.586150 45 105 73
-10.198000 -0.146565 -0.586150 35 102 65
-10.198000 -0.146565 -0.586150 34 102 70
-10.198000 -0.146565 -0.586150 31 79 67
-140.696972 68.243707 564.752340 56 106 90
-139.509464 68.241606 564.751556 35 112 87
-138.321956 68.239505 564.750772 31 117 92
-137.248591 68.298896 565.258346 13 99 81
-287.182743 192.133702 1590.131326 67 121 105
-10.198000 -0.146565 -0.586150 39 103 83
-10.198000 -0.146565 -0.586150 20 94 73
-10.198000 -0.146565 -0.586150 21 100 78
-10.198000 -0.146565 -0.586150 35 92 73
-10.198000 -0.146565 -0.586150 39 97 77
-10.198000 -0.146565 -0.586150 27 103 72
-10.198000 -0.146565 -0.586150 28 92 78
-140.636182 69.399904 564.491675 53 105 91
-139.449208 69.397804 564.490891 34 113 86
-138.262234 69.395704 564.490107 33 121 98
-137.132352 69.424895 564.743591 59 126 113
-290.518311 195.481035 1590.115534 65 121 106
775.084723 175.448306 1441.492322 25 22 13
-10.198000 -0.146565 -0.586150 18 88 75
-10.198000 -0.146565 -0.586150 19 98 82
-10.198000 -0.146565 -0.586150 25 87 70
-10.198000 -0.146565 -0.586150 31 88 70
-10.198000 -0.146565 -0.586150 28 103 82
-140.634086 70.586861 564.485281 58 106 93
-139.447112 70.584761 564.484497 32 115 81
-138.260139 70.582661 564.483713 22 122 93
-290.512411 198.822456 1590.097535 70 126 113
-10.198000 -0.146565 -0.586150 22 94 78
-10.198000 -0.146565 -0.586150 14 76 62
-10.198000 -0.146565 -0.586150 20 81 65
-10.198000 -0.146565 -0.586150 27 101 84
-139.445017 71.771719 564.478104 17 98 69
-138.258043 71.769619 564.477320 18 122 99
-10.198000 -0.146565 -0.586150 18 92 72
-10.198000 -0.146565 -0.586150 17 84 58
-10.198000 -0.146565 -0.586150 24 99 77
-139.442921 72.958676 564.471710 25 101 74
-138.255947 72.956576 564.470926 20 119 93
-10.198000 -0.146565 -0.586150 10 86 60
-10.198000 -0.146565 -0.586150 26 87 71
-10.198000 -0.146565 -0.586150 25 99 75
-10.198000 -0.146565 -0.586150 26 94 80
-139.440825 74.145633 564.465316 26 92 76
-138.253851 74.143533 564.464533 14 108 89
-10.198000 -0.146565 -0.586150 12 86 65
-10.198000 -0.146565 -0.586150 34 98 74
-10.198000 -0.146565 -0.586150 43 80 59
-10.198000 -0.146565 -0.586150 29 106 85
-139.322462 75.264688 563.950597 29 101 83
-138.136556 75.262590 563.949814 12 108 84
-136.950650 75.260492 563.949031 44 115 99
-10.198000 -0.146565 -0.586150 58 108 93
-10.198000 -0.146565 -0.586150 17 84 68
-10.198000 -0.146565 -0.586150 28 95 72
-10.198000 -0.146565 -0.586150 33 86 55
-10.198000 -0.146565 -0.586150 29 101 72
-139.320368 76.450578 563.944209 21 95 74
-138.134462 76.448479 563.943426 5 106 80
-136.948556 76.446381 563.942643 47 114 101
-10.198000 -0.146565 -0.586150 60 120 92
-10.198000 -0.146565 -0.586150 28 97 77
-10.198000 -0.146565 -0.586150 45 82 71
-10.198000 -0.146565 -0.586150 63 119 94
-10.198000 -0.146565 -0.586150 9 81 48
-10.198000 -0.146565 -0.586150 30 100 69
-10.198000 -0.146565 -0.586150 32 76 65
-139.318274 77.636467 563.937822 17 95 68
-10.198000 -0.146565 -0.586150 63 113 95
-772.549625 194.490413 1385.457531 1 0 0
-10.198000 -0.146565 -0.586150 14 88 68
-10.198000 -0.146565 -0.586150 34 82 71
-10.198000 -0.146565 -0.586150 53 94 79
-10.198000 -0.146565 -0.586150 14 82 59
-10.198000 -0.146565 -0.586150 37 83 72
-139.258042 78.786799 563.677249 26 95 69
-136.887298 78.782605 563.675684 62 115 98
803.849014 196.310261 1417.454109 20 21 12
-10.198000 -0.146565 -0.586150 57 121 103
-10.198000 -0.146565 -0.586150 6 80 54
-10.198000 -0.146565 -0.586150 25 83 72
-10.198000 -0.146565 -0.586150 35 75 61
-10.198000 -0.146565 -0.586150 23 92 72
-139.255949 79.972155 563.670864 22 96 68
-138.070577 79.970058 563.670081 11 110 84
-136.885205 79.967960 563.669299 61 116 93
-10.198000 -0.146565 -0.586150 49 99 83
803.854277 199.290736 1417.438054 19 21 12
-243.288370 94.671596 656.490125 14 86 58
-10.198000 -0.146565 -0.586150 27 74 54
-10.198000 -0.146565 -0.586150 21 94 64
-10.198000 -0.146565 -0.586150 29 79 69
-139.137598 81.084269 563.156182 16 92 57
-137.953294 81.082174 563.155400 6 101 73
-136.768990 81.080078 563.154618 58 115 95
-10.198000 -0.146565 -0.586150 59 115 99
773.616161 205.355905 1438.534472 35 21 18
-241.662873 95.381983 651.907324 18 92 69
-10.198000 -0.146565 -0.586150 20 98 75
-10.198000 -0.146565 -0.586150 52 97 73
-10.198000 -0.146565 -0.586150 22 78 50
-10.198000 -0.146565 -0.586150 25 94 62
-10.198000 -0.146565 -0.586150 29 71 55
-139.019223 82.194229 562.641390 20 94 57
-137.835987 82.192136 562.640609 14 106 79
-136.766899 82.264366 563.148239 52 111 95
-10.198000 -0.146565 -0.586150 58 108 93
-10.198000 -0.146565 -0.586150 54 107 94
773.621502 208.380697 1438.518179 37 23 20
-10.198000 -0.146565 -0.586150 25 90 74
-10.198000 -0.146565 -0.586150 33 86 69
-10.198000 -0.146565 -0.586150 28 88 59
-10.198000 -0.146565 -0.586150 39 91 66
-10.198000 -0.146565 -0.586150 38 79 64
-138.959014 83.339765 562.380905 14 89 58
-137.776311 83.337672 562.380124 17 108 83
-10.198000 -0.146565 -0.586150 55 112 99
91.328040 229.264354 1551.528942 1 2 1
-10.198000 -0.146565 -0.586150 16 83 69
-10.198000 -0.146565 -0.586150 36 82 58
-10.198000 -0.146565 -0.586150 36 87 62
-10.198000 -0.146565 -0.586150 41 85 61
-10.198000 -0.146565 -0.586150 50 88 67
-140.022294 84.448087 561.866974 60 109 91
-138.840659 84.445997 561.866193 16 102 73
-137.659025 84.443906 561.865413 13 105 85
-238.940471 98.909236 648.071631 9 84 58
-238.023320 99.100895 649.341609 37 99 72
-10.198000 -0.146565 -0.586150 33 84 53
-10.198000 -0.146565 -0.586150 37 84 62
-10.198000 -0.146565 -0.586150 39 84 61
-138.722322 85.550102 561.351555 23 108 88
-137.541756 85.548013 561.350775 6 86 70
-238.758815 100.193169 647.555981 18 93 69
-237.397239 100.190760 647.555082 31 102 78
-10.198000 -0.146565 -0.586150 20 75 39
-10.198000 -0.146565 -0.586150 25 83 50
-10.198000 -0.146565 -0.586150 32 84 58
-138.662093 86.691347 561.090970 33 105 83
-137.482060 86.689260 561.090191 7 86 70
-238.218623 101.315427 646.023613 30 92 76
-237.394835 101.552317 647.547748 31 99 84
-10.198000 -0.146565 -0.586150 18 72 35
-10.198000 -0.146565 -0.586150 22 75 49
-10.198000 -0.146565 -0.586150 39 80 66
-138.543762 87.791715 560.576352 41 107 82
-137.364798 87.789629 560.575573 5 79 59
-10.198000 -0.146565 -0.586150 49 95 86
-10.198000 -0.146565 -0.586150 25 74 46
-10.198000 -0.146565 -0.586150 26 69 52
-138.483551 88.930300 560.315843 32 106 87
-137.362716 88.968577 560.569223 3 75 56
-10.198000 -0.146565 -0.586150 65 114 91
149.090791 243.979300 1542.000955 1 2 1
-10.198000 -0.146565 -0.586150 28 65 47
-10.198000 -0.146565 -0.586150 20 72 49
-10.198000 -0.146565 -0.586150 18 66 55
-10.198000 -0.146565 -0.586150 29 55 50
-139.659901 90.110799 560.310273 60 106 95
-138.481471 90.108714 560.309495 18 100 77
-10.198000 -0.146565 -0.586150 57 125 97
-10.198000 -0.146565 -0.586150 29 55 39
-10.198000 -0.146565 -0.586150 17 71 50
-139.657821 91.289213 560.303926 45 94 77
-138.479390 91.287128 560.303147 13 88 64
-10.198000 -0.146565 -0.586150 62 121 82
-10.198000 -0.146565 -0.586150 53 122 93
760.032853 233.057770 1441.192156 50 38 28
776.689063 232.573683 1438.385836 30 27 16
-864.496140 230.841745 1392.953107 17 18 9
-10.198000 -0.146565 -0.586150 30 56 38
-10.198000 -0.146565 -0.586150 24 69 56
-138.477309 92.465543 560.296800 12 78 54
-137.298879 92.463458 560.296022 3 76 61
-10.198000 -0.146565 -0.586150 38 101 79
-10.198000 -0.146565 -0.586150 69 122 109
-10.198000 -0.146565 -0.586150 16 16 9
-864.490972 233.768826 1392.937340 17 18 10
-794.330741 231.948938 1382.727144 18 19 10
-10.198000 -0.146565 -0.586150 33 91 80
-10.198000 -0.146565 -0.586150 21 51 30
-138.475229 93.643957 560.290452 10 79 53
-137.296798 93.641872 560.289674 9 80 63
78.334365 258.639400 1551.379451 1 2 1
-10.198000 -0.146565 -0.586150 36 99 71
-10.198000 -0.146565 -0.586150 17 44 30
-138.473148 94.822371 560.284105 11 80 47
-137.294717 94.820286 560.283326 11 77 59
-10.198000 -0.146565 -0.586150 53 102 87
-10.198000 -0.146565 -0.586150 30 80 64
-10.198000 -0.146565 -0.586150 46 91 69
-10.198000 -0.146565 -0.586150 32 71 41
-10.198000 -0.146565 -0.586150 28 61 41
-138.471067 96.000785 560.277757 7 72 38
-10.198000 -0.146565 -0.586150 18 81 59
-855.694103 242.534531 1392.884241 15 18 10
-10.198000 -0.146565 -0.586150 32 83 66
-10.198000 -0.146565 -0.586150 34 88 69
-10.198000 -0.146565 -0.586150 32 84 62
-10.198000 -0.146565 -0.586150 20 62 42
-10.198000 -0.146565 -0.586150 8 44 33
-138.468987 97.179199 560.271409 6 78 45
-10.198000 -0.146565 -0.586150 53 98 69
-10.198000 -0.146565 -0.586150 46 113 89
-10.198000 -0.146565 -0.586150 17 79 67
-10.198000 -0.146565 -0.586150 23 86 61
-10.198000 -0.146565 -0.586150 30 81 54
-10.198000 -0.146565 -0.586150 12 55 37
-10.198000 -0.146565 -0.586150 26 53 41
-138.466906 98.357614 560.265062 4 79 44
-137.288475 98.355529 560.264284 1 70 52
-10.198000 -0.146565 -0.586150 39 92 65
-10.198000 -0.146565 -0.586150 70 133 110
-19.558351 274.039920 1563.824061 0 1 0
-10.198000 -0.146565 -0.586150 28 84 71
-10.198000 -0.146565 -0.586150 43 84 70
-139.643256 99.538113 560.259492 72 131 99
-138.464825 99.536028 560.258714 0 72 39
-137.286394 99.533943 560.257936 1 69 51
-10.198000 -0.146565 -0.586150 37 100 79
-10.198000 -0.146565 -0.586150 48 91 82
-138.346518 100.623048 559.744168 5 65 48
-10.198000 -0.146565 -0.586150 36 89 63
-10.198000 -0.146565 -0.586150 40 102 79
-10.198000 -0.146565 -0.586150 44 89 76
-139.404496 101.710002 559.230348 54 107 82
-138.228202 101.707921 559.229572 3 71 55
-10.198000 -0.146565 -0.586150 24 85 63
-10.198000 -0.146565 -0.586150 14 62 49
-10.198000 -0.146565 -0.586150 33 77 65
-139.402420 102.886280 559.224012 30 88 69
-138.226125 102.884199 559.223236 11 83 54
-137.049830 102.882118 559.222459 5 82 60
-10.198000 -0.146565 -0.586150 22 84 61
-10.198000 -0.146565 -0.586150 38 104 85
-10.198000 -0.146565 -0.586150 14 14 8
-230.413264 118.336243 635.245049 23 67 52
-229.252268 118.428581 635.752387 21 65 54
-139.341691 104.015253 558.963555 53 106 85
-138.165931 104.013173 558.962778 7 75 46
-10.198000 -0.146565 -0.586150 63 116 96
-10.198000 -0.146565 -0.586150 18 87 63
-10.198000 -0.146565 -0.586150 62 117 98
786.198435 260.968136 1412.031104 21 18 12
-231.746852 119.674534 635.238735 49 95 74
-230.410905 119.672171 635.237852 19 63 39
-229.774796 120.052908 637.269951 11 58 43
-139.339616 105.190998 558.957221 53 107 95
-138.163855 105.188918 558.956445 4 65 48
-10.198000 -0.146565 -0.586150 53 109 87
-10.198000 -0.146565 -0.586150 33 102 88
-10.198000 -0.146565 -0.586150 16 16 9
-231.036120 120.623074 633.198575 36 86 63
-229.352373 120.427017 632.181154 21 59 38
-138.045562 106.267929 558.441942 5 66 44
-10.198000 -0.146565 -0.586150 25 89 74
-230.325382 121.563060 631.158400 42 87 60
-228.821945 121.462793 630.649259 18 58 37
-138.043488 107.442605 558.435614 2 67 41
-10.198000 -0.146565 -0.586150 62 113 101
-10.198000 -0.146565 -0.586150 14 14 8
-229.968860 122.692479 630.134792 44 85 68
-228.643592 122.690135 630.133916 11 49 41
-137.983300 108.567842 558.175177 3 74 43
-136.866721 108.615204 558.428511 0 85 69
-10.198000 -0.146565 -0.586150 34 86 70
-229.789443 123.917684 629.619460 32 75 59
-228.465243 123.915341 629.618585 11 45 38
-137.865016 109.642047 557.660699 0 58 39
-10.198000 -0.146565 -0.586150 62 117 96
-10.198000 -0.146565 -0.586150 14 13 8
-10.198000 -0.146565 -0.586150 14 13 8
-10.198000 -0.146565 -0.586150 13 14 8
-799.816886 278.518394 1397.485124 15 18 10
-230.933119 125.143069 629.104891 55 99 88
-229.787105 125.241865 629.612327 22 61 41
-139.036036 110.817198 557.655155 38 109 88
-137.862945 110.815122 557.654380 3 60 43
-10.198000 -0.146565 -0.586150 33 93 74
-10.198000 -0.146565 -0.586150 16 13 9
-10.198000 -0.146565 -0.586150 16 13 9
-230.752642 126.364000 628.589582 33 86 70
-229.430578 126.361661 628.588709 16 57 34
-138.975307 111.939217 557.394674 41 98 66
-137.802749 111.937143 557.393899 6 64 51
-10.198000 -0.146565 -0.586150 18 78 53
784.559180 283.287786 1419.541752 17 20 11
-230.572168 127.582795 628.074284 36 66 49
-229.428244 127.683706 628.581588 29 66 48
-138.973236 113.111758 557.388358 40 100 69
-137.800679 113.109683 557.387583 3 61 48
-136.628122 113.107609 557.386809 27 85 72
-10.198000 -0.146565 -0.586150 16 86 63
-10.198000 -0.146565 -0.586150 14 14 8
-230.391656 128.799430 627.558876 29 52 30
-229.071728 128.797095 627.558004 19 58 46
-138.853895 114.180089 556.873911 45 98 68
-137.682405 114.178016 556.873137 1 66 47
-10.198000 -0.146565 -0.586150 30 91 60
-10.198000 -0.146565 -0.586150 16 13 9
-854.069249 288.839703 1390.090532 13 15 8
-230.211190 130.013954 627.043601 19 45 27
-228.892330 130.011621 627.042730 20 51 40
-138.734557 115.246284 556.359476 40 95 65
-137.564135 115.244213 556.358703 3 64 44
-10.198000 -0.146565 -0.586150 27 76 53
128.942711 316.679956 1532.467160 1 2 1
-230.030728 131.226342 626.528338 20 49 36
-138.673850 116.363510 556.099081 34 92 59
-137.503962 116.361440 556.098309 0 62 37
-136.391647 116.412548 556.351626 26 94 78
-10.198000 -0.146565 -0.586150 24 70 60
-867.099003 294.170188 1387.527304 14 16 9
-859.707957 293.621044 1384.982060 13 16 7
-855.433232 294.149549 1387.519600 15 17 9
-854.058932 294.683186 1390.059056 14 16 9
-138.554504 117.425955 555.584605 41 90 55
-137.385685 117.423887 555.583834 0 58 33
-136.332009 117.529242 556.091235 23 98 82
-10.198000 -0.146565 -0.586150 21 71 54
763.186639 302.757725 1440.814684 74 60 41
-865.525023 296.542407 1384.970225 14 15 6
-862.613920 296.537257 1384.968302 16 17 8
-854.053773 297.604927 1390.043317 14 14 8
-138.493802 118.540511 555.324225 31 82 57
-137.325516 118.538444 555.323454 4 53 44
-136.157231 118.536377 555.322682 38 105 86
-10.198000 -0.146565 -0.586150 30 91 69
-851.126832 300.521499 1390.025650 14 14 8
-230.983106 134.962651 625.491506 25 44 40
-138.374477 119.599231 554.809831 28 91 61
-137.207259 119.597166 554.809060 1 56 33
-136.040042 119.595101 554.808289 59 114 79
-132.986106 120.027090 556.838492 42 77 54
-10.198000 -0.146565 -0.586150 27 84 55
-10.198000 -0.146565 -0.586150 31 89 60
-10.198000 -0.146565 -0.586150 20 25 12
-10.198000 -0.146565 -0.586150 17 19 7
-10.198000 -0.146565 -0.586150 24 21 9
-851.121673 303.443240 1390.009912 14 14 8
-849.731326 303.992866 1392.549270 14 14 8
-230.622374 136.056823 624.468084 25 48 41
-139.539634 120.768498 554.804314 19 46 33
-138.372416 120.766433 554.803543 21 93 62
-137.205199 120.764368 554.802773 0 56 24
-136.037981 120.762303 554.802002 60 123 95
-132.872116 121.087956 556.324089 30 82 65
-10.198000 -0.146565 -0.586150 22 88 67
-10.198000 -0.146565 -0.586150 45 96 76
-10.198000 -0.146565 -0.586150 16 19 7
-10.198000 -0.146565 -0.586150 16 15 9
-231.753294 137.260840 623.953683 23 42 38
-138.253083 121.821936 554.289105 17 80 63
-137.086934 121.819873 554.288335 7 67 46
-135.920784 121.817810 554.287565 50 113 98
-134.868702 121.927439 554.794944 8 26 20
-133.814471 122.037051 555.302261 20 38 25
-132.702151 122.090828 555.555563 30 90 71
-10.198000 -0.146565 -0.586150 22 88 63
-10.198000 -0.146565 -0.586150 19 22 11
775.534854 312.517386 1430.072179 36 22 20
-10.198000 -0.146565 -0.586150 14 14 7
-138.192403 122.931700 554.028811 19 75 62
-133.699423 123.092576 554.787886 24 62 47
-132.644122 123.203253 555.295196 20 93 72
-10.198000 -0.146565 -0.586150 31 94 69
775.540166 315.525626 1430.055975 36 22 20
-228.411230 139.425325 621.905212 21 42 38
-134.750516 124.148014 554.274232 0 27 22
-133.584366 124.145951 554.273462 27 87 69
-132.418216 124.143887 554.272692 14 86 66
-10.198000 -0.146565 -0.586150 42 99 82
-681.686174 367.472699 1623.022126 2 1 1
-228.408920 140.733488 621.898166 18 39 32
-10.198000 -0.146565 -0.586150 24 21 13
-10.198000 -0.146565 -0.586150 8 9 5
-137.022671 125.260838 554.015485 6 66 52
-135.857055 125.258775 554.014715 33 88 77
-134.748457 125.314147 554.267950 4 41 31
-133.582307 125.312084 554.267180 21 87 64
-132.416157 125.310021 554.266410 21 83 68
-228.228473 141.925573 621.382951 16 28 22
-10.198000 -0.146565 -0.586150 8 9 5
-10.198000 -0.146565 -0.586150 10 12 6
-139.351845 126.430562 554.010745 15 53 40
-138.186229 126.428500 554.009976 18 79 55
-137.020613 126.426437 554.009206 6 67 51
-135.854997 126.424375 554.008436 22 79 65
-134.746398 126.480281 554.261669 15 68 50
-133.580248 126.478218 554.260899 18 84 62
-132.414098 126.476155 554.260129 23 85 63
-228.226165 143.232667 621.375910 25 45 41
-214.359255 144.493210 626.955006 12 11 6
-10.198000 -0.146565 -0.586150 13 13 7
-139.349787 127.596162 554.004467 17 44 29
-138.184171 127.594099 554.003697 22 85 59
-137.018555 127.592037 554.002927 9 69 47
-135.852939 127.589975 554.002158 14 78 57
-134.687323 127.587913 554.001388 18 78 58
-133.578189 127.644351 554.254617 17 86 67
-132.412039 127.642288 554.253847 41 92 70
-230.838083 144.544387 621.370596 26 58 48
-229.530970 144.542075 621.369732 20 49 40
-220.552905 144.644089 621.871843 11 12 4
-219.415383 144.759974 622.379131 11 11 5
-140.513345 128.763823 553.998958 13 24 17
-139.347729 128.761761 553.998188 15 47 39
-137.016497 128.757637 553.996649 11 69 48
-135.850881 128.755574 553.995879 13 82 56
-134.685265 128.753512 553.995109 16 85 56
-133.576130 128.810485 554.248336 16 82 59
-132.409980 128.808422 554.247566 45 80 61
-10.198000 -0.146565 -0.586150 18 21 12
-232.142888 145.853795 621.364418 38 68 58
-230.835775 145.851482 621.363555 26 60 46
-224.125303 145.720658 620.851151 23 22 13
-138.180055 129.925299 553.991140 10 70 57
-137.014439 129.923236 553.990370 10 68 47
-135.848823 129.921174 553.989601 13 86 55
-134.683207 129.919112 553.988831 15 89 56
-133.574071 129.976618 554.242054 25 85 52
-10.198000 -0.146565 -0.586150 14 14 8
-10.198000 -0.146565 -0.586150 26 53 41
-229.167979 146.915576 620.339419 24 48 41
-136.896178 130.968582 553.475926 9 70 48
-135.731630 130.966522 553.475157 14 82 54
-134.567082 130.964461 553.474388 15 83 62
-133.515533 131.082649 553.981783 37 88 71
-10.198000 -0.146565 -0.586150 27 51 42
-228.986479 148.099116 619.824250 24 47 39
-139.164070 132.076593 553.217202 11 52 44
-136.836042 132.072474 553.215665 9 68 45
-135.672028 132.070415 553.214896 11 77 50
-134.508014 132.068356 553.214128 16 84 62
-133.400478 132.126933 553.467346 45 84 68
-10.198000 -0.146565 -0.586150 25 46 38
-228.625830 149.158063 618.801079 23 46 38
-137.998001 133.238532 553.210164 11 70 59
-136.833987 133.236472 553.209395 8 65 41
-135.554855 133.112039 552.700534 9 77 47
-134.391909 133.109982 552.699766 13 83 50
-10.198000 -0.146565 -0.586150 40 74 64
-10.198000 -0.146565 -0.586150 25 46 37
-228.265147 150.212708 617.777809 24 48 36
-137.878694 134.279084 552.695806 10 70 55
-136.715748 134.277027 552.695038 10 64 43
-135.552802 134.274969 552.694270 9 71 45
-134.389856 134.272912 552.693502 14 76 38
-10.198000 -0.146565 -0.586150 15 8 8
-10.198000 -0.146565 -0.586150 31 68 57
-10.198000 -0.146565 -0.586150 24 50 38
-227.904492 151.263097 616.754623 20 46 34
-137.876641 135.442014 552.689541 13 68 56
-136.713695 135.439957 552.688773 12 64 41
-135.550749 135.437899 552.688005 14 68 40
-134.387803 135.435841 552.687238 20 71 39
-10.198000 -0.146565 -0.586150 17 20 11
-829.169119 344.935743 1392.315003 18 14 10
-10.198000 -0.146565 -0.586150 15 12 8
-10.198000 -0.146565 -0.586150 27 63 53
-10.198000 -0.146565 -0.586150 12 47 33
-227.364678 152.183539 615.223403 23 46 35
-136.711642 136.602886 552.682509 11 59 39
-135.548695 136.600829 552.681741 10 65 36
-134.385749 136.598771 552.680973 26 74 53
-10.198000 -0.146565 -0.586150 14 13 7
-10.198000 -0.146565 -0.586150 21 16 12
-229.497682 153.165492 613.947858 26 58 52
-226.914425 153.160922 613.946152 22 39 30
-138.976338 137.706621 552.423806 17 51 42
-137.813926 137.704564 552.423039 20 66 55
-136.651513 137.702508 552.422271 11 55 37
-135.546642 137.763759 552.675477 13 60 37
-134.383696 137.761701 552.674709 29 67 51
-10.198000 -0.146565 -0.586150 39 27 21
-10.198000 -0.146565 -0.586150 29 23 10
-10.198000 -0.146565 -0.586150 19 18 6
-229.495401 154.457103 613.940901 19 51 43
-228.203773 154.454817 613.940048 16 48 41
-140.136698 138.871074 552.418312 10 18 16
-138.974285 138.869017 552.417545 15 56 44
-137.811873 138.866960 552.416777 19 65 45
-136.649461 138.864904 552.416010 12 54 35
-135.544589 138.926689 552.669213 13 55 33
761.941119 358.302669 1432.377842 54 50 30
-10.198000 -0.146565 -0.586150 20 21 12
-10.198000 -0.146565 -0.586150 20 21 12
-228.042634 154.717572 609.869313 20 51 41
-227.480531 155.230873 611.900809 20 49 37
-138.972233 140.031413 552.411284 14 59 45
-137.809821 140.029356 552.410516 16 60 42
-136.647408 140.027300 552.409748 13 54 34
-135.542535 140.089618 552.662949 17 54 34
-10.198000 -0.146565 -0.586150 19 14 9
-228.584298 156.390523 611.386629 22 50 40
-226.757283 155.998370 609.861555 19 43 36
-136.645356 141.189696 552.403487 13 51 30
-135.540482 141.252548 552.656685 22 56 42
-227.856787 157.152673 609.347400 21 51 35
-226.574770 157.150404 609.346554 19 43 32
-136.643304 142.352092 552.397226 11 49 34
-135.538429 142.415478 552.650420 28 62 51
774.096148 365.949518 1426.987743 44 35 25
-10.198000 -0.146565 -0.586150 42 38 24
-10.198000 -0.146565 -0.586150 25 19 14
-230.326856 158.373171 609.088206 36 65 59
-229.045372 158.370904 609.087360 31 65 56
-227.763889 158.368637 609.086514 20 51 36
-226.482405 158.366369 609.085667 21 46 32
-136.641251 143.514488 552.390964 13 48 37
-135.536375 143.578408 552.644156 30 60 53
-10.198000 -0.146565 -0.586150 18 17 9
-10.198000 -0.146565 -0.586150 21 18 7
-10.198000 -0.146565 -0.586150 21 18 7
-10.198000 -0.146565 -0.586150 23 23 13
-227.399003 159.383762 608.063454 20 50 35
-226.299899 159.514667 608.570687 24 42 29
-858.021532 365.725291 1382.049373 19 14 10
-10.198000 -0.146565 -0.586150 30 22 15
-10.198000 -0.146565 -0.586150 23 20 10
-228.493736 160.531131 607.549395 26 57 51
-136.520968 145.705141 551.870351 15 46 40
-135.532268 145.904268 552.631628 31 63 56
-10.198000 -0.146565 -0.586150 19 13 10
-858.016402 368.631014 1382.033721 16 13 9
-10.198000 -0.146565 -0.586150 13 7 4
-227.031892 161.671825 607.033598 20 46 41
-137.621660 146.800944 551.610911 21 54 43
-136.460850 146.798890 551.610144 16 48 39
-135.472682 146.999619 552.371413 38 70 61
-10.198000 -0.146565 -0.586150 41 26 23
-228.119990 165.367171 606.505813 24 51 42
-226.843846 165.364914 606.504970 21 41 35
-137.791349 150.490921 552.354164 23 55 47
-136.628937 150.488864 552.353397 13 42 33
-10.198000 -0.146565 -0.586150 44 26 23
-228.117737 166.643297 606.498939 23 45 38
-226.841593 166.641040 606.498096 22 46 36
-137.789297 151.653317 552.347903 16 49 37
-136.684948 151.720975 552.601075 17 49 33
-135.637089 151.858378 553.108307 29 51 42
-229.391627 167.921681 606.492908 32 68 59
-228.115483 167.919423 606.492065 24 48 41
-226.839339 167.917166 606.491222 20 43 34
-10.198000 -0.146565 -0.586150 18 54 45
-137.963062 153.026494 553.103575 16 49 38
-136.799048 153.024435 553.102806 17 50 39
-135.635034 153.022375 553.102037 25 47 40
-10.198000 -0.146565 -0.586150 14 15 7
-10.198000 -0.146565 -0.586150 28 23 14
-10.198000 -0.146565 -0.586150 18 11 5
-10.198000 -0.146565 -0.586150 19 18 9
-10.198000 -0.146565 -0.586150 24 24 13
-10.198000 -0.146565 -0.586150 17 16 8
-138.019602 154.261275 553.351239 17 47 34
-136.855054 154.259215 553.350470 16 50 36
-135.632978 154.186373 553.095767 24 47 36
-10.198000 -0.146565 -0.586150 16 14 9
-10.198000 -0.146565 -0.586150 20 21 12
-10.198000 -0.146565 -0.586150 21 57 49
-138.017546 155.425807 553.344966 18 45 35
-136.852998 155.423746 553.344197 15 48 34
-135.630923 155.350371 553.089497 24 50 38
787.866677 395.318695 1413.849708 19 21 12
-10.198000 -0.146565 -0.586150 18 12 10
-10.198000 -0.146565 -0.586150 20 47 36
-137.956896 156.518488 553.084765 17 44 34
-10.198000 -0.146565 -0.586150 22 49 37
-137.954841 157.682485 553.078495 16 46 36
-10.198000 -0.146565 -0.586150 45 32 25
-10.198000 -0.146565 -0.586150 16 50 41
-137.835574 158.700611 552.564258 16 46 36
-136.672628 158.698554 552.563490 18 42 35
-786.965868 398.340825 1374.450655 16 14 29
-10.198000 -0.146565 -0.586150 46 30 26
-228.736172 175.063773 604.673768 19 48 41
-10.198000 -0.146565 -0.586150 22 54 46
-137.833520 159.863541 552.557993 14 45 32
-136.670574 159.861484 552.557226 15 46 32
-230.190798 176.486522 605.175693 26 60 51
-228.550482 176.188018 604.158853 18 46 36
-10.198000 -0.146565 -0.586150 23 52 42
-137.655655 160.804459 551.789796 12 48 28
-136.610465 160.950428 552.297045 16 47 27
-228.364840 177.310164 603.644073 21 51 36
-226.912240 177.158743 603.135302 19 40 35
-10.198000 -0.146565 -0.586150 28 58 48
-137.653605 161.965787 551.783540 12 47 30
-136.492260 161.963732 551.782773 16 44 28
-228.179202 178.430174 603.129303 17 46 33
-226.727628 178.277651 602.620417 23 44 35
-10.198000 -0.146565 -0.586150 28 56 48
-137.475762 162.901917 551.015429 15 45 35
-136.490210 163.125060 551.776518 11 41 33
-10.198000 -0.146565 -0.586150 20 24 13
-10.198000 -0.146565 -0.586150 42 24 23
-10.198000 -0.146565 -0.586150 11 7 6
-10.198000 -0.146565 -0.586150 18 50 41
-228.176961 179.699358 603.122467 20 46 34
-10.198000 -0.146565 -0.586150 23 50 42
-137.649504 164.288443 551.771029 17 44 36
-10.198000 -0.146565 -0.586150 22 47 42
-10.198000 -0.146565 -0.586150 27 53 48
-137.471666 165.221370 551.002935 14 42 32
-840.494601 417.997456 1381.756127 15 13 24
-10.198000 -0.146565 -0.586150 33 17 17
-10.198000 -0.146565 -0.586150 20 48 39
-137.352434 166.227767 550.488822 15 42 34
-136.135694 166.149044 550.234094 14 42 36
-10.198000 -0.146565 -0.586150 21 45 38
-137.174594 167.154802 549.720699 16 44 32
-135.959457 167.075548 549.465975 15 42 37
-846.272411 422.344113 1376.904488 8 6 11
-10.198000 -0.146565 -0.586150 21 44 36
-10.198000 -0.146565 -0.586150 20 39 34
-137.113953 168.234116 549.460509 18 44 32
-802.941395 423.677825 1372.036056 43 39 24
-798.594306 422.888451 1369.494145 32 30 15
-10.198000 -0.146565 -0.586150 20 42 35
-10.198000 -0.146565 -0.586150 20 42 30
-136.936136 169.155831 548.692475 19 43 31
-810.037067 427.284118 1374.310239 33 24 18
-807.146788 427.279005 1374.308331 42 27 23
-10.198000 -0.146565 -0.586150 20 41 37
-10.198000 -0.146565 -0.586150 22 39 32
-136.816906 170.153132 548.178350 17 41 36
-135.663037 170.151090 548.177588 15 41 30
-10.198000 -0.146565 -0.586150 12 12 6
-10.198000 -0.146565 -0.586150 18 42 35
-139.241931 171.469759 548.681559 11 22 18
-135.602939 171.225601 547.917424 20 40 35
-863.521053 432.441331 1372.029442 17 14 25
-10.198000 -0.146565 -0.586150 17 41 34
-10.198000 -0.146565 -0.586150 18 40 35
-136.754237 172.380960 547.911974 18 40 35
-135.600902 172.378919 547.911212 19 40 36
-257.434400 213.096840 672.392959 34 60 55
-10.198000 -0.146565 -0.586150 16 42 37
-136.752201 173.534279 547.905761 16 44 33
-135.598866 173.532238 547.905000 18 43 36
422.519822 469.750428 1487.193566 17 6 8
-10.198000 -0.146565 -0.586150 18 45 37
-10.198000 -0.146565 -0.586150 15 45 35
-136.750165 174.687597 547.899549 14 45 32
-135.596830 174.685557 547.898787 18 44 32
494.773826 470.084442 1478.750788 22 15 10
497.885695 470.078936 1478.748734 18 13 8
518.577761 469.072263 1475.688370 24 13 14
-256.199962 216.087320 672.884702 19 43 36
-254.783923 216.084814 672.883767 16 41 34
-171.315083 223.911601 697.709586 15 43 27
-169.846717 223.909003 697.708617 21 48 34
574.251884 469.393885 1467.256522 37 29 20
586.603248 469.372032 1467.248365 39 19 23
610.937707 466.725108 1459.108018 46 28 26
-171.312490 225.379947 697.701677 15 43 30
-169.844124 225.377349 697.700707 25 49 36
-10.198000 -0.146565 -0.586150 24 56 50
-10.198000 -0.146565 -0.586150 16 44 31
-10.198000 -0.146565 -0.586150 29 53 40
677.187832 471.842477 1456.238432 34 24 19
680.252713 471.837054 1456.236408 32 22 17
741.550335 471.728604 1456.195930 32 16 18
-255.821412 220.002810 671.846013 17 42 37
-254.407509 220.000309 671.845080 15 42 34
-10.198000 -0.146565 -0.586150 17 43 30
-857.609950 451.042304 1367.093086 44 27 24
-853.166310 450.199365 1364.551399 31 22 17
-10.198000 -0.146565 -0.586150 19 41 34
-10.198000 -0.146565 -0.586150 23 41 33
-10.198000 -0.146565 -0.586150 19 42 35
-10.198000 -0.146565 -0.586150 18 40 33
-10.198000 -0.146565 -0.586150 21 42 35
-10.198000 -0.146565 -0.586150 18 42 35
286.572645 494.754569 1495.797074 0 1 0
-10.198000 -0.146565 -0.586150 15 41 33
-10.198000 -0.146565 -0.586150 20 40 33
-171.475269 232.975706 698.423830 18 41 35
-10.198000 -0.146565 -0.586150 2 1 1
-10.198000 -0.146565 -0.586150 26 20 37
-10.198000 -0.146565 -0.586150 18 39 33
-10.198000 -0.146565 -0.586150 17 18 9
-171.467482 237.385549 698.400077 15 43 33
-169.997514 237.382948 698.399106 24 55 42
-10.198000 -0.146565 -0.586150 15 38 33
-171.464887 238.855497 698.392159 12 41 32
-169.994919 238.852896 698.391188 22 48 43
-290.282342 222.824847 646.930078 14 14 8
-10.198000 -0.146565 -0.586150 55 35 31
-10.198000 -0.146565 -0.586150 20 39 35
-10.198000 -0.146565 -0.586150 19 39 34
-10.198000 -0.146565 -0.586150 22 48 43
-171.576855 241.971166 698.884129 14 41 32
-169.989728 241.792791 698.375352 27 47 43
-10.198000 -0.146565 -0.586150 15 36 32
-171.574258 243.442182 698.876205 14 39 33
-170.103221 243.439579 698.875234 27 48 42
578.528336 510.499285 1469.829937 2 1 1
-171.566465 247.855229 698.852434 14 38 30
-171.563868 249.326244 698.844510 16 42 34
-174.503343 250.802465 698.838529 23 46 39
-10.198000 -0.146565 -0.586150 20 37 31
-171.441528 252.085026 698.320897 12 48 34
-259.360289 243.400823 669.942139 22 51 44
-10.198000 -0.146565 -0.586150 13 36 30
-10.198000 -0.146565 -0.586150 14 35 29
-171.438932 253.554973 698.312979 10 45 36
-259.357799 244.810969 669.934543 21 46 40
-10.198000 -0.146565 -0.586150 15 39 34
-10.198000 -0.146565 -0.586150 13 36 26
-259.355309 246.221115 669.926947 22 50 44
-10.198000 -0.146565 -0.586150 12 36 31
-171.433741 256.494869 698.297143 17 41 35
-10.198000 -0.146565 -0.586150 12 38 31
-10.198000 -0.146565 -0.586150 12 33 29
-175.841051 257.972619 698.292137 5 2 1
-171.255453 257.683557 697.527672 16 41 32
343.460655 541.851984 1469.818557 1 2 1
-10.198000 -0.146565 -0.586150 13 32 28
-175.838455 259.442566 698.284219 7 3 3
-172.721227 259.154500 697.520732 19 41 34
-171.252860 259.151902 697.519762 15 39 32
561.705878 537.401327 1450.367558 1 1 0
-10.198000 -0.146565 -0.586150 14 33 29
-10.198000 -0.146565 -0.586150 16 29 21
-175.655367 260.628042 697.514762 4 2 3
-172.718634 260.622846 697.512823 18 40 33
-171.250267 260.620248 697.511853 18 43 35
-168.313535 260.615053 697.509914 16 13 9
-10.198000 -0.146565 -0.586150 13 34 30
-172.716041 262.091192 697.504913 15 40 34
-171.247675 262.088594 697.503944 19 43 35
-10.198000 -0.146565 -0.586150 4 7 6
-172.713449 263.559538 697.497004 16 41 32
-171.127952 263.365147 696.988314 18 45 37
-10.198000 -0.146565 -0.586150 19 36 31
-175.527256 264.840213 696.983318 6 13 8
-10.198000 -0.146565 -0.586150 16 42 29
-171.125361 264.832425 696.980411 18 42 30
-302.791919 239.800251 627.009594 12 14 8
-10.198000 -0.146565 -0.586150 13 35 28
-10.198000 -0.146565 -0.586150 17 42 33
-168.188173 266.294511 696.970569 9 8 5
-147.295867 265.579544 695.180125 11 13 7
-145.832307 265.576954 695.179159 11 13 7
-10.198000 -0.146565 -0.586150 19 38 32
-10.198000 -0.146565 -0.586150 13 35 30
-10.198000 -0.146565 -0.586150 19 40 35
-10.198000 -0.146565 -0.586150 4 7 6
-10.198000 -0.146565 -0.586150 13 34 30
-10.198000 -0.146565 -0.586150 14 32 26
-10.198000 -0.146565 -0.586150 20 45 35
-10.198000 -0.146565 -0.586150 2 4 3
-10.198000 -0.146565 -0.586150 20 39 33
297.299510 561.395173 1456.010635 28 49 45
-10.198000 -0.146565 -0.586150 16 39 34
-10.198000 -0.146565 -0.586150 13 34 30
-10.198000 -0.146565 -0.586150 13 34 28
-10.198000 -0.146565 -0.586150 16 33 27
-10.198000 -0.146565 -0.586150 16 44 37
-10.198000 -0.146565 -0.586150 22 50 39
-10.198000 -0.146565 -0.586150 14 30 27
-10.198000 -0.146565 -0.586150 17 31 28
-10.198000 -0.146565 -0.586150 22 53 43
-258.476460 262.245634 667.551148 12 33 29
-10.198000 -0.146565 -0.586150 17 33 30
-10.198000 -0.146565 -0.586150 16 28 23
-169.821581 271.444230 691.348757 13 52 42
-171.097301 272.601852 690.580427 14 41 35
-169.643351 272.599280 690.579467 14 41 36
-259.402521 264.554969 666.267646 15 36 32
-257.999831 264.552487 666.266719 12 33 29
-10.198000 -0.146565 -0.586150 15 33 28
-172.846793 274.561851 691.842668 36 67 61
757.931333 565.241505 1428.722958 11 20 17
-273.766486 262.140182 656.625887 12 13 7
-259.210334 265.755062 665.752441 16 36 29
-257.808712 265.752583 665.751515 13 33 26
-10.198000 -0.146565 -0.586150 13 34 26
-169.813871 275.810823 691.325236 15 45 39
-285.916274 259.375946 646.221638 11 13 7
-272.888010 264.029346 657.886811 10 14 8
-271.905872 264.434251 658.901260 12 14 8
-257.806237 267.154185 665.743965 13 34 25
-10.198000 -0.146565 -0.586150 13 29 26
-169.635650 276.961068 690.555972 16 49 39
-257.803762 268.555788 665.736416 12 33 29
-10.198000 -0.146565 -0.586150 13 29 26
-10.198000 -0.146565 -0.586150 17 30 23
-286.619523 261.481793 644.684806 11 13 7
-285.911470 262.096924 646.206981 9 13 7
-10.198000 -0.146565 -0.586150 13 29 26
-10.198000 -0.146565 -0.586150 16 29 19
-10.198000 -0.146565 -0.586150 20 23 13
-327.294269 237.508148 582.277146 13 14 8
-169.393740 280.909367 689.517198 29 58 49
-326.341278 238.939981 582.777409 15 15 8
-167.762764 283.497093 688.739219 11 22 17
-10.198000 -0.146565 -0.586150 19 22 12
-325.239328 243.384510 587.584959 15 16 7
-310.692390 254.055067 613.458920 13 13 7
-325.237144 244.621658 587.578295 14 13 8
-170.835300 286.719110 689.486876 13 43 34
-10.198000 -0.146565 -0.586150 8 9 5
-10.198000 -0.146565 -0.586150 13 28 25
-170.832737 288.170903 689.479056 12 44 35
-169.205295 287.850234 688.716742 27 50 43
-170.948334 289.835851 689.978841 13 46 36
-169.378360 289.620128 689.470277 27 47 42
-10.198000 -0.146565 -0.586150 12 28 24
-10.198000 -0.146565 -0.586150 15 47 37
-169.492887 291.286142 689.970056 22 44 35
-67.204231 281.047025 666.050081 14 12 8
-329.278368 246.028737 579.180664 14 14 8
-168.495106 290.909133 685.647869 23 47 40
-319.806423 254.472158 596.168645 12 13 7
-10.198000 -0.146565 -0.586150 13 13 7
-10.198000 -0.146565 -0.586150 11 25 22
-10.198000 -0.146565 -0.586150 13 18 10
-10.198000 -0.146565 -0.586150 12 14 8
-10.198000 -0.146565 -0.586150 13 13 7
